1573  1490 
 -1.000000E+000 2.000000E-001 0.000000E+000
 -1.150000E+000 3.000000E-001 2.000000E-001
 -1.030000E+000 2.200000E-001 4.000000E-002
 -1.060000E+000 2.400000E-001 8.000000E-002
 -1.090000E+000 2.600000E-001 1.200000E-001
 -1.120000E+000 2.800000E-001 1.600000E-001
 -1.150000E+000 -3.000000E-001 2.000000E-001
 -1.150000E+000 -2.500000E-001 2.000000E-001
 -1.150000E+000 -2.000000E-001 2.000000E-001
 -1.150000E+000 -1.500000E-001 2.000000E-001
 -1.150000E+000 -1.000000E-001 2.000000E-001
 -1.150000E+000 -5.000000E-002 2.000000E-001
 -1.150000E+000 0.000000E+000 2.000000E-001
 -1.150000E+000 5.000000E-002 2.000000E-001
 -1.150000E+000 1.000000E-001 2.000000E-001
 -1.150000E+000 1.500000E-001 2.000000E-001
 -1.150000E+000 2.000000E-001 2.000000E-001
 -1.150000E+000 2.500000E-001 2.000000E-001
 -1.000000E+000 -2.000000E-001 0.000000E+000
 -1.030000E+000 -2.200000E-001 4.000000E-002
 -1.060000E+000 -2.400000E-001 8.000000E-002
 -1.090000E+000 -2.600000E-001 1.200000E-001
 -1.120000E+000 -2.800000E-001 1.600000E-001
 -1.000000E+000 1.666667E-001 0.000000E+000
 -1.000000E+000 1.333333E-001 0.000000E+000
 -1.000000E+000 1.000000E-001 0.000000E+000
 -1.000000E+000 6.666667E-002 0.000000E+000
 -1.000000E+000 3.333334E-002 0.000000E+000
 -1.000000E+000 0.000000E+000 0.000000E+000
 -1.000000E+000 -3.333334E-002 0.000000E+000
 -1.000000E+000 -6.666667E-002 0.000000E+000
 -1.000000E+000 -1.000000E-001 0.000000E+000
 -1.000000E+000 -1.333333E-001 0.000000E+000
 -1.000000E+000 -1.666667E-001 0.000000E+000
 -1.030000E+000 -1.833333E-001 4.000000E-002
 -1.060000E+000 -2.000000E-001 8.000000E-002
 -1.090000E+000 -2.166667E-001 1.200000E-001
 -1.120000E+000 -2.333333E-001 1.600000E-001
 -1.030000E+000 -1.466667E-001 4.000000E-002
 -1.060000E+000 -1.600000E-001 8.000000E-002
 -1.090000E+000 -1.733333E-001 1.200000E-001
 -1.120000E+000 -1.866667E-001 1.600000E-001
 -1.030000E+000 -1.100000E-001 4.000000E-002
 -1.060000E+000 -1.200000E-001 8.000000E-002
 -1.090000E+000 -1.300000E-001 1.200000E-001
 -1.120000E+000 -1.400000E-001 1.600000E-001
 -1.030000E+000 -7.333333E-002 4.000000E-002
 -1.060000E+000 -8.000000E-002 8.000000E-002
 -1.090000E+000 -8.666667E-002 1.200000E-001
 -1.120000E+000 -9.333333E-002 1.600000E-001
 -1.030000E+000 -3.666667E-002 4.000000E-002
 -1.060000E+000 -4.000000E-002 8.000000E-002
 -1.090000E+000 -4.333333E-002 1.200000E-001
 -1.120000E+000 -4.666667E-002 1.600000E-001
 -1.030000E+000 6.938894E-018 4.000000E-002
 -1.060000E+000 4.437302E-034 8.000000E-002
 -1.090000E+000 2.021437E-034 1.200000E-001
 -1.120000E+000 4.042875E-034 1.600000E-001
 -1.030000E+000 3.666667E-002 4.000000E-002
 -1.060000E+000 4.000000E-002 8.000000E-002
 -1.090000E+000 4.333333E-002 1.200000E-001
 -1.120000E+000 4.666667E-002 1.600000E-001
 -1.030000E+000 7.333333E-002 4.000000E-002
 -1.060000E+000 8.000000E-002 8.000000E-002
 -1.090000E+000 8.666667E-002 1.200000E-001
 -1.120000E+000 9.333333E-002 1.600000E-001
 -1.030000E+000 1.100000E-001 4.000000E-002
 -1.060000E+000 1.200000E-001 8.000000E-002
 -1.090000E+000 1.300000E-001 1.200000E-001
 -1.120000E+000 1.400000E-001 1.600000E-001
 -1.030000E+000 1.466667E-001 4.000000E-002
 -1.060000E+000 1.600000E-001 8.000000E-002
 -1.090000E+000 1.733333E-001 1.200000E-001
 -1.120000E+000 1.866667E-001 1.600000E-001
 -1.030000E+000 1.833333E-001 4.000000E-002
 -1.060000E+000 2.000000E-001 8.000000E-002
 -1.090000E+000 2.166667E-001 1.200000E-001
 -1.120000E+000 2.333333E-001 1.600000E-001
 2.000000E+000 -2.000000E-001 0.000000E+000
 2.000000E+000 2.000000E-001 0.000000E+000
 2.000000E+000 -1.666667E-001 0.000000E+000
 2.000000E+000 -1.333333E-001 0.000000E+000
 2.000000E+000 -1.000000E-001 0.000000E+000
 2.000000E+000 -6.666667E-002 0.000000E+000
 2.000000E+000 -3.333334E-002 0.000000E+000
 2.000000E+000 0.000000E+000 0.000000E+000
 2.000000E+000 3.333334E-002 0.000000E+000
 2.000000E+000 6.666667E-002 0.000000E+000
 2.000000E+000 1.000000E-001 0.000000E+000
 2.000000E+000 1.333333E-001 0.000000E+000
 2.000000E+000 1.666667E-001 0.000000E+000
 2.100000E+000 3.000000E-001 2.000000E-001
 2.020000E+000 2.200000E-001 4.000000E-002
 2.040000E+000 2.400000E-001 8.000000E-002
 2.060000E+000 2.600000E-001 1.200000E-001
 2.080000E+000 2.800000E-001 1.600000E-001
 2.100000E+000 -3.000000E-001 2.000000E-001
 2.020000E+000 -2.200000E-001 4.000000E-002
 2.040000E+000 -2.400000E-001 8.000000E-002
 2.060000E+000 -2.600000E-001 1.200000E-001
 2.080000E+000 -2.800000E-001 1.600000E-001
 -9.538462E-001 -2.000000E-001 0.000000E+000
 -9.076923E-001 -2.000000E-001 0.000000E+000
 -8.615385E-001 -2.000000E-001 0.000000E+000
 -8.153846E-001 -2.000000E-001 0.000000E+000
 -7.692308E-001 -2.000000E-001 0.000000E+000
 -7.230769E-001 -2.000000E-001 0.000000E+000
 -6.769231E-001 -2.000000E-001 0.000000E+000
 -6.307693E-001 -2.000000E-001 0.000000E+000
 -5.846154E-001 -2.000000E-001 0.000000E+000
 -5.384616E-001 -2.000000E-001 0.000000E+000
 -4.923077E-001 -2.000000E-001 0.000000E+000
 -4.461538E-001 -2.000000E-001 0.000000E+000
 -4.000000E-001 -2.000000E-001 0.000000E+000
 -3.538462E-001 -2.000000E-001 0.000000E+000
 -3.076923E-001 -2.000000E-001 0.000000E+000
 -2.615385E-001 -2.000000E-001 0.000000E+000
 -2.153846E-001 -2.000000E-001 0.000000E+000
 -1.692308E-001 -2.000000E-001 0.000000E+000
 -1.230769E-001 -2.000000E-001 0.000000E+000
 -7.692308E-002 -2.000000E-001 0.000000E+000
 -3.076923E-002 -2.000000E-001 0.000000E+000
 1.538462E-002 -2.000000E-001 0.000000E+000
 6.153846E-002 -2.000000E-001 0.000000E+000
 1.076923E-001 -2.000000E-001 0.000000E+000
 1.538462E-001 -2.000000E-001 0.000000E+000
 2.000000E-001 -2.000000E-001 0.000000E+000
 2.461538E-001 -2.000000E-001 0.000000E+000
 2.923077E-001 -2.000000E-001 0.000000E+000
 3.384615E-001 -2.000000E-001 0.000000E+000
 3.846154E-001 -2.000000E-001 0.000000E+000
 4.307692E-001 -2.000000E-001 0.000000E+000
 4.769231E-001 -2.000000E-001 0.000000E+000
 5.230770E-001 -2.000000E-001 0.000000E+000
 5.692308E-001 -2.000000E-001 0.000000E+000
 6.153846E-001 -2.000000E-001 0.000000E+000
 6.615385E-001 -2.000000E-001 0.000000E+000
 7.076923E-001 -2.000000E-001 0.000000E+000
 7.538462E-001 -2.000000E-001 0.000000E+000
 8.000000E-001 -2.000000E-001 0.000000E+000
 8.461539E-001 -2.000000E-001 0.000000E+000
 8.923077E-001 -2.000000E-001 0.000000E+000
 9.384615E-001 -2.000000E-001 0.000000E+000
 9.846154E-001 -2.000000E-001 0.000000E+000
 1.030769E+000 -2.000000E-001 0.000000E+000
 1.076923E+000 -2.000000E-001 0.000000E+000
 1.123077E+000 -2.000000E-001 0.000000E+000
 1.169231E+000 -2.000000E-001 0.000000E+000
 1.215385E+000 -2.000000E-001 0.000000E+000
 1.261539E+000 -2.000000E-001 0.000000E+000
 1.307692E+000 -2.000000E-001 0.000000E+000
 1.353846E+000 -2.000000E-001 0.000000E+000
 1.400000E+000 -2.000000E-001 0.000000E+000
 1.446154E+000 -2.000000E-001 0.000000E+000
 1.492308E+000 -2.000000E-001 0.000000E+000
 1.538462E+000 -2.000000E-001 0.000000E+000
 1.584615E+000 -2.000000E-001 0.000000E+000
 1.630769E+000 -2.000000E-001 0.000000E+000
 1.676923E+000 -2.000000E-001 0.000000E+000
 1.723077E+000 -2.000000E-001 0.000000E+000
 1.769231E+000 -2.000000E-001 0.000000E+000
 1.815385E+000 -2.000000E-001 0.000000E+000
 1.861538E+000 -2.000000E-001 0.000000E+000
 1.907692E+000 -2.000000E-001 0.000000E+000
 1.953846E+000 -2.000000E-001 0.000000E+000
 -1.100000E+000 -3.000000E-001 2.000000E-001
 -1.050000E+000 -3.000000E-001 2.000000E-001
 -1.000000E+000 -3.000000E-001 2.000000E-001
 -9.500000E-001 -3.000000E-001 2.000000E-001
 -9.000000E-001 -3.000000E-001 2.000000E-001
 -8.500000E-001 -3.000000E-001 2.000000E-001
 -8.000000E-001 -3.000000E-001 2.000000E-001
 -7.500000E-001 -3.000000E-001 2.000000E-001
 -7.000000E-001 -3.000000E-001 2.000000E-001
 -6.500000E-001 -3.000000E-001 2.000000E-001
 -6.000000E-001 -3.000000E-001 2.000000E-001
 -5.500000E-001 -3.000000E-001 2.000000E-001
 -5.000000E-001 -3.000000E-001 2.000000E-001
 -4.500000E-001 -3.000000E-001 2.000000E-001
 -4.000000E-001 -3.000000E-001 2.000000E-001
 -3.500000E-001 -3.000000E-001 2.000000E-001
 -3.000000E-001 -3.000000E-001 2.000000E-001
 -2.500000E-001 -3.000000E-001 2.000000E-001
 -2.000000E-001 -3.000000E-001 2.000000E-001
 -1.500000E-001 -3.000000E-001 2.000000E-001
 -1.000000E-001 -3.000000E-001 2.000000E-001
 -5.000000E-002 -3.000000E-001 2.000000E-001
 0.000000E+000 -3.000000E-001 2.000000E-001
 5.000000E-002 -3.000000E-001 2.000000E-001
 1.000000E-001 -3.000000E-001 2.000000E-001
 1.500000E-001 -3.000000E-001 2.000000E-001
 2.000000E-001 -3.000000E-001 2.000000E-001
 2.500000E-001 -3.000000E-001 2.000000E-001
 3.000000E-001 -3.000000E-001 2.000000E-001
 3.500000E-001 -3.000000E-001 2.000000E-001
 4.000000E-001 -3.000000E-001 2.000000E-001
 4.500000E-001 -3.000000E-001 2.000000E-001
 5.000000E-001 -3.000000E-001 2.000000E-001
 5.500000E-001 -3.000000E-001 2.000000E-001
 6.000000E-001 -3.000000E-001 2.000000E-001
 6.500000E-001 -3.000000E-001 2.000000E-001
 7.000000E-001 -3.000000E-001 2.000000E-001
 7.500000E-001 -3.000000E-001 2.000000E-001
 8.000000E-001 -3.000000E-001 2.000000E-001
 8.500000E-001 -3.000000E-001 2.000000E-001
 9.000000E-001 -3.000000E-001 2.000000E-001
 9.500000E-001 -3.000000E-001 2.000000E-001
 1.000000E+000 -3.000000E-001 2.000000E-001
 1.050000E+000 -3.000000E-001 2.000000E-001
 1.100000E+000 -3.000000E-001 2.000000E-001
 1.150000E+000 -3.000000E-001 2.000000E-001
 1.200000E+000 -3.000000E-001 2.000000E-001
 1.250000E+000 -3.000000E-001 2.000000E-001
 1.300000E+000 -3.000000E-001 2.000000E-001
 1.350000E+000 -3.000000E-001 2.000000E-001
 1.400000E+000 -3.000000E-001 2.000000E-001
 1.450000E+000 -3.000000E-001 2.000000E-001
 1.500000E+000 -3.000000E-001 2.000000E-001
 1.550000E+000 -3.000000E-001 2.000000E-001
 1.600000E+000 -3.000000E-001 2.000000E-001
 1.650000E+000 -3.000000E-001 2.000000E-001
 1.700000E+000 -3.000000E-001 2.000000E-001
 1.750000E+000 -3.000000E-001 2.000000E-001
 1.800000E+000 -3.000000E-001 2.000000E-001
 1.850000E+000 -3.000000E-001 2.000000E-001
 1.900000E+000 -3.000000E-001 2.000000E-001
 1.950000E+000 -3.000000E-001 2.000000E-001
 2.000000E+000 -3.000000E-001 2.000000E-001
 2.050000E+000 -3.000000E-001 2.000000E-001
 2.030769E+000 -2.800000E-001 1.600000E-001
 2.011539E+000 -2.600000E-001 1.200000E-001
 1.992308E+000 -2.400000E-001 8.000000E-002
 1.973077E+000 -2.200000E-001 4.000000E-002
 1.981538E+000 -2.800000E-001 1.600000E-001
 1.963077E+000 -2.600000E-001 1.200000E-001
 1.944615E+000 -2.400000E-001 8.000000E-002
 1.926154E+000 -2.200000E-001 4.000000E-002
 1.932308E+000 -2.800000E-001 1.600000E-001
 1.914615E+000 -2.600000E-001 1.200000E-001
 1.896923E+000 -2.400000E-001 8.000000E-002
 1.879231E+000 -2.200000E-001 4.000000E-002
 1.883077E+000 -2.800000E-001 1.600000E-001
 1.866154E+000 -2.600000E-001 1.200000E-001
 1.849231E+000 -2.400000E-001 8.000000E-002
 1.832308E+000 -2.200000E-001 4.000000E-002
 1.833846E+000 -2.800000E-001 1.600000E-001
 1.817692E+000 -2.600000E-001 1.200000E-001
 1.801538E+000 -2.400000E-001 8.000000E-002
 1.785385E+000 -2.200000E-001 4.000000E-002
 1.784615E+000 -2.800000E-001 1.600000E-001
 1.769231E+000 -2.600000E-001 1.200000E-001
 1.753846E+000 -2.400000E-001 8.000000E-002
 1.738461E+000 -2.200000E-001 4.000000E-002
 1.735385E+000 -2.800000E-001 1.600000E-001
 1.720769E+000 -2.600000E-001 1.200000E-001
 1.706154E+000 -2.400000E-001 8.000000E-002
 1.691538E+000 -2.200000E-001 4.000000E-002
 1.686154E+000 -2.800000E-001 1.600000E-001
 1.672308E+000 -2.600000E-001 1.200000E-001
 1.658462E+000 -2.400000E-001 8.000000E-002
 1.644615E+000 -2.200000E-001 4.000000E-002
 1.636923E+000 -2.800000E-001 1.600000E-001
 1.623846E+000 -2.600000E-001 1.200000E-001
 1.610769E+000 -2.400000E-001 8.000000E-002
 1.597692E+000 -2.200000E-001 4.000000E-002
 1.587692E+000 -2.800000E-001 1.600000E-001
 1.575385E+000 -2.600000E-001 1.200000E-001
 1.563077E+000 -2.400000E-001 8.000000E-002
 1.550769E+000 -2.200000E-001 4.000000E-002
 1.538462E+000 -2.800000E-001 1.600000E-001
 1.526923E+000 -2.600000E-001 1.200000E-001
 1.515385E+000 -2.400000E-001 8.000000E-002
 1.503846E+000 -2.200000E-001 4.000000E-002
 1.489231E+000 -2.800000E-001 1.600000E-001
 1.478462E+000 -2.600000E-001 1.200000E-001
 1.467692E+000 -2.400000E-001 8.000000E-002
 1.456923E+000 -2.200000E-001 4.000000E-002
 1.440000E+000 -2.800000E-001 1.600000E-001
 1.430000E+000 -2.600000E-001 1.200000E-001
 1.420000E+000 -2.400000E-001 8.000000E-002
 1.410000E+000 -2.200000E-001 4.000000E-002
 1.390769E+000 -2.800000E-001 1.600000E-001
 1.381539E+000 -2.600000E-001 1.200000E-001
 1.372308E+000 -2.400000E-001 8.000000E-002
 1.363077E+000 -2.200000E-001 4.000000E-002
 1.341538E+000 -2.800000E-001 1.600000E-001
 1.333077E+000 -2.600000E-001 1.200000E-001
 1.324615E+000 -2.400000E-001 8.000000E-002
 1.316154E+000 -2.200000E-001 4.000000E-002
 1.292308E+000 -2.800000E-001 1.600000E-001
 1.284615E+000 -2.600000E-001 1.200000E-001
 1.276923E+000 -2.400000E-001 8.000000E-002
 1.269231E+000 -2.200000E-001 4.000000E-002
 1.243077E+000 -2.800000E-001 1.600000E-001
 1.236154E+000 -2.600000E-001 1.200000E-001
 1.229231E+000 -2.400000E-001 8.000000E-002
 1.222308E+000 -2.200000E-001 4.000000E-002
 1.193846E+000 -2.800000E-001 1.600000E-001
 1.187692E+000 -2.600000E-001 1.200000E-001
 1.181538E+000 -2.400000E-001 8.000000E-002
 1.175385E+000 -2.200000E-001 4.000000E-002
 1.144615E+000 -2.800000E-001 1.600000E-001
 1.139231E+000 -2.600000E-001 1.200000E-001
 1.133846E+000 -2.400000E-001 8.000000E-002
 1.128461E+000 -2.200000E-001 4.000000E-002
 1.095385E+000 -2.800000E-001 1.600000E-001
 1.090769E+000 -2.600000E-001 1.200000E-001
 1.086154E+000 -2.400000E-001 8.000000E-002
 1.081538E+000 -2.200000E-001 4.000000E-002
 1.046154E+000 -2.800000E-001 1.600000E-001
 1.042308E+000 -2.600000E-001 1.200000E-001
 1.038462E+000 -2.400000E-001 8.000000E-002
 1.034615E+000 -2.200000E-001 4.000000E-002
 9.969231E-001 -2.800000E-001 1.600000E-001
 9.938462E-001 -2.600000E-001 1.200000E-001
 9.907692E-001 -2.400000E-001 8.000000E-002
 9.876923E-001 -2.200000E-001 4.000000E-002
 9.476923E-001 -2.800000E-001 1.600000E-001
 9.453846E-001 -2.600000E-001 1.200000E-001
 9.430769E-001 -2.400000E-001 8.000000E-002
 9.407693E-001 -2.200000E-001 4.000000E-002
 8.984615E-001 -2.800000E-001 1.600000E-001
 8.969231E-001 -2.600000E-001 1.200000E-001
 8.953846E-001 -2.400000E-001 8.000000E-002
 8.938462E-001 -2.200000E-001 4.000000E-002
 8.492308E-001 -2.800000E-001 1.600000E-001
 8.484615E-001 -2.600000E-001 1.200000E-001
 8.476923E-001 -2.400000E-001 8.000000E-002
 8.469231E-001 -2.200000E-001 4.000000E-002
 8.000000E-001 -2.800000E-001 1.600000E-001
 8.000000E-001 -2.600000E-001 1.200000E-001
 8.000000E-001 -2.400000E-001 8.000000E-002
 8.000000E-001 -2.200000E-001 4.000000E-002
 7.507693E-001 -2.800000E-001 1.600000E-001
 7.515385E-001 -2.600000E-001 1.200000E-001
 7.523077E-001 -2.400000E-001 8.000000E-002
 7.530769E-001 -2.200000E-001 4.000000E-002
 7.015384E-001 -2.800000E-001 1.600000E-001
 7.030769E-001 -2.600000E-001 1.200000E-001
 7.046154E-001 -2.400000E-001 8.000000E-002
 7.061539E-001 -2.200000E-001 4.000000E-002
 6.523077E-001 -2.800000E-001 1.600000E-001
 6.546154E-001 -2.600000E-001 1.200000E-001
 6.569231E-001 -2.400000E-001 8.000000E-002
 6.592308E-001 -2.200000E-001 4.000000E-002
 6.030769E-001 -2.800000E-001 1.600000E-001
 6.061538E-001 -2.600000E-001 1.200000E-001
 6.092308E-001 -2.400000E-001 8.000000E-002
 6.123077E-001 -2.200000E-001 4.000000E-002
 5.538462E-001 -2.800000E-001 1.600000E-001
 5.576923E-001 -2.600000E-001 1.200000E-001
 5.615385E-001 -2.400000E-001 8.000000E-002
 5.653846E-001 -2.200000E-001 4.000000E-002
 5.046154E-001 -2.800000E-001 1.600000E-001
 5.092308E-001 -2.600000E-001 1.200000E-001
 5.138462E-001 -2.400000E-001 8.000000E-002
 5.184615E-001 -2.200000E-001 4.000000E-002
 4.553846E-001 -2.800000E-001 1.600000E-001
 4.607692E-001 -2.600000E-001 1.200000E-001
 4.661539E-001 -2.400000E-001 8.000000E-002
 4.715385E-001 -2.200000E-001 4.000000E-002
 4.061539E-001 -2.800000E-001 1.600000E-001
 4.123077E-001 -2.600000E-001 1.200000E-001
 4.184615E-001 -2.400000E-001 8.000000E-002
 4.246154E-001 -2.200000E-001 4.000000E-002
 3.569231E-001 -2.800000E-001 1.600000E-001
 3.638462E-001 -2.600000E-001 1.200000E-001
 3.707692E-001 -2.400000E-001 8.000000E-002
 3.776923E-001 -2.200000E-001 4.000000E-002
 3.076923E-001 -2.800000E-001 1.600000E-001
 3.153846E-001 -2.600000E-001 1.200000E-001
 3.230769E-001 -2.400000E-001 8.000000E-002
 3.307692E-001 -2.200000E-001 4.000000E-002
 2.584615E-001 -2.800000E-001 1.600000E-001
 2.669231E-001 -2.600000E-001 1.200000E-001
 2.753846E-001 -2.400000E-001 8.000000E-002
 2.838461E-001 -2.200000E-001 4.000000E-002
 2.092308E-001 -2.800000E-001 1.600000E-001
 2.184615E-001 -2.600000E-001 1.200000E-001
 2.276923E-001 -2.400000E-001 8.000000E-002
 2.369231E-001 -2.200000E-001 4.000000E-002
 1.600000E-001 -2.800000E-001 1.600000E-001
 1.700000E-001 -2.600000E-001 1.200000E-001
 1.800000E-001 -2.400000E-001 8.000000E-002
 1.900000E-001 -2.200000E-001 4.000000E-002
 1.107692E-001 -2.800000E-001 1.600000E-001
 1.215385E-001 -2.600000E-001 1.200000E-001
 1.323077E-001 -2.400000E-001 8.000000E-002
 1.430769E-001 -2.200000E-001 4.000000E-002
 6.153846E-002 -2.800000E-001 1.600000E-001
 7.307693E-002 -2.600000E-001 1.200000E-001
 8.461539E-002 -2.400000E-001 8.000000E-002
 9.615385E-002 -2.200000E-001 4.000000E-002
 1.230769E-002 -2.800000E-001 1.600000E-001
 2.461538E-002 -2.600000E-001 1.200000E-001
 3.692308E-002 -2.400000E-001 8.000000E-002
 4.923077E-002 -2.200000E-001 4.000000E-002
 -3.692308E-002 -2.800000E-001 1.600000E-001
 -2.384615E-002 -2.600000E-001 1.200000E-001
 -1.076923E-002 -2.400000E-001 8.000000E-002
 2.307692E-003 -2.200000E-001 4.000000E-002
 -8.615384E-002 -2.800000E-001 1.600000E-001
 -7.230769E-002 -2.600000E-001 1.200000E-001
 -5.846154E-002 -2.400000E-001 8.000000E-002
 -4.461538E-002 -2.200000E-001 4.000000E-002
 -1.353846E-001 -2.800000E-001 1.600000E-001
 -1.207692E-001 -2.600000E-001 1.200000E-001
 -1.061538E-001 -2.400000E-001 8.000000E-002
 -9.153846E-002 -2.200000E-001 4.000000E-002
 -1.846154E-001 -2.800000E-001 1.600000E-001
 -1.692308E-001 -2.600000E-001 1.200000E-001
 -1.538462E-001 -2.400000E-001 8.000000E-002
 -1.384615E-001 -2.200000E-001 4.000000E-002
 -2.338462E-001 -2.800000E-001 1.600000E-001
 -2.176923E-001 -2.600000E-001 1.200000E-001
 -2.015385E-001 -2.400000E-001 8.000000E-002
 -1.853846E-001 -2.200000E-001 4.000000E-002
 -2.830769E-001 -2.800000E-001 1.600000E-001
 -2.661538E-001 -2.600000E-001 1.200000E-001
 -2.492308E-001 -2.400000E-001 8.000000E-002
 -2.323077E-001 -2.200000E-001 4.000000E-002
 -3.323077E-001 -2.800000E-001 1.600000E-001
 -3.146154E-001 -2.600000E-001 1.200000E-001
 -2.969231E-001 -2.400000E-001 8.000000E-002
 -2.792308E-001 -2.200000E-001 4.000000E-002
 -3.815385E-001 -2.800000E-001 1.600000E-001
 -3.630769E-001 -2.600000E-001 1.200000E-001
 -3.446154E-001 -2.400000E-001 8.000000E-002
 -3.261538E-001 -2.200000E-001 4.000000E-002
 -4.307692E-001 -2.800000E-001 1.600000E-001
 -4.115385E-001 -2.600000E-001 1.200000E-001
 -3.923077E-001 -2.400000E-001 8.000000E-002
 -3.730769E-001 -2.200000E-001 4.000000E-002
 -4.800000E-001 -2.800000E-001 1.600000E-001
 -4.600000E-001 -2.600000E-001 1.200000E-001
 -4.400000E-001 -2.400000E-001 8.000000E-002
 -4.200000E-001 -2.200000E-001 4.000000E-002
 -5.292308E-001 -2.800000E-001 1.600000E-001
 -5.084615E-001 -2.600000E-001 1.200000E-001
 -4.876923E-001 -2.400000E-001 8.000000E-002
 -4.669231E-001 -2.200000E-001 4.000000E-002
 -5.784615E-001 -2.800000E-001 1.600000E-001
 -5.569231E-001 -2.600000E-001 1.200000E-001
 -5.353846E-001 -2.400000E-001 8.000000E-002
 -5.138462E-001 -2.200000E-001 4.000000E-002
 -6.276923E-001 -2.800000E-001 1.600000E-001
 -6.053846E-001 -2.600000E-001 1.200000E-001
 -5.830769E-001 -2.400000E-001 8.000000E-002
 -5.607693E-001 -2.200000E-001 4.000000E-002
 -6.769231E-001 -2.800000E-001 1.600000E-001
 -6.538461E-001 -2.600000E-001 1.200000E-001
 -6.307693E-001 -2.400000E-001 8.000000E-002
 -6.076923E-001 -2.200000E-001 4.000000E-002
 -7.261539E-001 -2.800000E-001 1.600000E-001
 -7.023077E-001 -2.600000E-001 1.200000E-001
 -6.784616E-001 -2.400000E-001 8.000000E-002
 -6.546154E-001 -2.200000E-001 4.000000E-002
 -7.753846E-001 -2.800000E-001 1.600000E-001
 -7.507693E-001 -2.600000E-001 1.200000E-001
 -7.261539E-001 -2.400000E-001 8.000000E-002
 -7.015384E-001 -2.200000E-001 4.000000E-002
 -8.246154E-001 -2.800000E-001 1.600000E-001
 -7.992308E-001 -2.600000E-001 1.200000E-001
 -7.738461E-001 -2.400000E-001 8.000000E-002
 -7.484615E-001 -2.200000E-001 4.000000E-002
 -8.738462E-001 -2.800000E-001 1.600000E-001
 -8.476923E-001 -2.600000E-001 1.200000E-001
 -8.215384E-001 -2.400000E-001 8.000000E-002
 -7.953846E-001 -2.200000E-001 4.000000E-002
 -9.230769E-001 -2.800000E-001 1.600000E-001
 -8.961539E-001 -2.600000E-001 1.200000E-001
 -8.692307E-001 -2.400000E-001 8.000000E-002
 -8.423077E-001 -2.200000E-001 4.000000E-002
 -9.723077E-001 -2.800000E-001 1.600000E-001
 -9.446154E-001 -2.600000E-001 1.200000E-001
 -9.169231E-001 -2.400000E-001 8.000000E-002
 -8.892308E-001 -2.200000E-001 4.000000E-002
 -1.021538E+000 -2.800000E-001 1.600000E-001
 -9.930769E-001 -2.600000E-001 1.200000E-001
 -9.646154E-001 -2.400000E-001 8.000000E-002
 -9.361538E-001 -2.200000E-001 4.000000E-002
 -1.070769E+000 -2.800000E-001 1.600000E-001
 -1.041538E+000 -2.600000E-001 1.200000E-001
 -1.012308E+000 -2.400000E-001 8.000000E-002
 -9.830769E-001 -2.200000E-001 4.000000E-002
 -9.538462E-001 2.000000E-001 0.000000E+000
 -9.076923E-001 2.000000E-001 0.000000E+000
 -8.615385E-001 2.000000E-001 0.000000E+000
 -8.153846E-001 2.000000E-001 0.000000E+000
 -7.692308E-001 2.000000E-001 0.000000E+000
 -7.230769E-001 2.000000E-001 0.000000E+000
 -6.769231E-001 2.000000E-001 0.000000E+000
 -6.307693E-001 2.000000E-001 0.000000E+000
 -5.846154E-001 2.000000E-001 0.000000E+000
 -5.384616E-001 2.000000E-001 0.000000E+000
 -4.923077E-001 2.000000E-001 0.000000E+000
 -4.461538E-001 2.000000E-001 0.000000E+000
 -4.000000E-001 2.000000E-001 0.000000E+000
 -3.538462E-001 2.000000E-001 0.000000E+000
 -3.076923E-001 2.000000E-001 0.000000E+000
 -2.615385E-001 2.000000E-001 0.000000E+000
 -2.153846E-001 2.000000E-001 0.000000E+000
 -1.692308E-001 2.000000E-001 0.000000E+000
 -1.230769E-001 2.000000E-001 0.000000E+000
 -7.692308E-002 2.000000E-001 0.000000E+000
 -3.076923E-002 2.000000E-001 0.000000E+000
 1.538462E-002 2.000000E-001 0.000000E+000
 6.153846E-002 2.000000E-001 0.000000E+000
 1.076923E-001 2.000000E-001 0.000000E+000
 1.538462E-001 2.000000E-001 0.000000E+000
 2.000000E-001 2.000000E-001 0.000000E+000
 2.461538E-001 2.000000E-001 0.000000E+000
 2.923077E-001 2.000000E-001 0.000000E+000
 3.384615E-001 2.000000E-001 0.000000E+000
 3.846154E-001 2.000000E-001 0.000000E+000
 4.307692E-001 2.000000E-001 0.000000E+000
 4.769231E-001 2.000000E-001 0.000000E+000
 5.230770E-001 2.000000E-001 0.000000E+000
 5.692308E-001 2.000000E-001 0.000000E+000
 6.153846E-001 2.000000E-001 0.000000E+000
 6.615385E-001 2.000000E-001 0.000000E+000
 7.076923E-001 2.000000E-001 0.000000E+000
 7.538462E-001 2.000000E-001 0.000000E+000
 8.000000E-001 2.000000E-001 0.000000E+000
 8.461539E-001 2.000000E-001 0.000000E+000
 8.923077E-001 2.000000E-001 0.000000E+000
 9.384615E-001 2.000000E-001 0.000000E+000
 9.846154E-001 2.000000E-001 0.000000E+000
 1.030769E+000 2.000000E-001 0.000000E+000
 1.076923E+000 2.000000E-001 0.000000E+000
 1.123077E+000 2.000000E-001 0.000000E+000
 1.169231E+000 2.000000E-001 0.000000E+000
 1.215385E+000 2.000000E-001 0.000000E+000
 1.261539E+000 2.000000E-001 0.000000E+000
 1.307692E+000 2.000000E-001 0.000000E+000
 1.353846E+000 2.000000E-001 0.000000E+000
 1.400000E+000 2.000000E-001 0.000000E+000
 1.446154E+000 2.000000E-001 0.000000E+000
 1.492308E+000 2.000000E-001 0.000000E+000
 1.538462E+000 2.000000E-001 0.000000E+000
 1.584615E+000 2.000000E-001 0.000000E+000
 1.630769E+000 2.000000E-001 0.000000E+000
 1.676923E+000 2.000000E-001 0.000000E+000
 1.723077E+000 2.000000E-001 0.000000E+000
 1.769231E+000 2.000000E-001 0.000000E+000
 1.815385E+000 2.000000E-001 0.000000E+000
 1.861538E+000 2.000000E-001 0.000000E+000
 1.907692E+000 2.000000E-001 0.000000E+000
 1.953846E+000 2.000000E-001 0.000000E+000
 -1.100000E+000 3.000000E-001 2.000000E-001
 -1.050000E+000 3.000000E-001 2.000000E-001
 -1.000000E+000 3.000000E-001 2.000000E-001
 -9.500000E-001 3.000000E-001 2.000000E-001
 -9.000000E-001 3.000000E-001 2.000000E-001
 -8.500000E-001 3.000000E-001 2.000000E-001
 -8.000000E-001 3.000000E-001 2.000000E-001
 -7.500000E-001 3.000000E-001 2.000000E-001
 -7.000000E-001 3.000000E-001 2.000000E-001
 -6.500000E-001 3.000000E-001 2.000000E-001
 -6.000000E-001 3.000000E-001 2.000000E-001
 -5.500000E-001 3.000000E-001 2.000000E-001
 -5.000000E-001 3.000000E-001 2.000000E-001
 -4.500000E-001 3.000000E-001 2.000000E-001
 -4.000000E-001 3.000000E-001 2.000000E-001
 -3.500000E-001 3.000000E-001 2.000000E-001
 -3.000000E-001 3.000000E-001 2.000000E-001
 -2.500000E-001 3.000000E-001 2.000000E-001
 -2.000000E-001 3.000000E-001 2.000000E-001
 -1.500000E-001 3.000000E-001 2.000000E-001
 -1.000000E-001 3.000000E-001 2.000000E-001
 -5.000000E-002 3.000000E-001 2.000000E-001
 0.000000E+000 3.000000E-001 2.000000E-001
 5.000000E-002 3.000000E-001 2.000000E-001
 1.000000E-001 3.000000E-001 2.000000E-001
 1.500000E-001 3.000000E-001 2.000000E-001
 2.000000E-001 3.000000E-001 2.000000E-001
 2.500000E-001 3.000000E-001 2.000000E-001
 3.000000E-001 3.000000E-001 2.000000E-001
 3.500000E-001 3.000000E-001 2.000000E-001
 4.000000E-001 3.000000E-001 2.000000E-001
 4.500000E-001 3.000000E-001 2.000000E-001
 5.000000E-001 3.000000E-001 2.000000E-001
 5.500000E-001 3.000000E-001 2.000000E-001
 6.000000E-001 3.000000E-001 2.000000E-001
 6.500000E-001 3.000000E-001 2.000000E-001
 7.000000E-001 3.000000E-001 2.000000E-001
 7.500000E-001 3.000000E-001 2.000000E-001
 8.000000E-001 3.000000E-001 2.000000E-001
 8.500000E-001 3.000000E-001 2.000000E-001
 9.000000E-001 3.000000E-001 2.000000E-001
 9.500000E-001 3.000000E-001 2.000000E-001
 1.000000E+000 3.000000E-001 2.000000E-001
 1.050000E+000 3.000000E-001 2.000000E-001
 1.100000E+000 3.000000E-001 2.000000E-001
 1.150000E+000 3.000000E-001 2.000000E-001
 1.200000E+000 3.000000E-001 2.000000E-001
 1.250000E+000 3.000000E-001 2.000000E-001
 1.300000E+000 3.000000E-001 2.000000E-001
 1.350000E+000 3.000000E-001 2.000000E-001
 1.400000E+000 3.000000E-001 2.000000E-001
 1.450000E+000 3.000000E-001 2.000000E-001
 1.500000E+000 3.000000E-001 2.000000E-001
 1.550000E+000 3.000000E-001 2.000000E-001
 1.600000E+000 3.000000E-001 2.000000E-001
 1.650000E+000 3.000000E-001 2.000000E-001
 1.700000E+000 3.000000E-001 2.000000E-001
 1.750000E+000 3.000000E-001 2.000000E-001
 1.800000E+000 3.000000E-001 2.000000E-001
 1.850000E+000 3.000000E-001 2.000000E-001
 1.900000E+000 3.000000E-001 2.000000E-001
 1.950000E+000 3.000000E-001 2.000000E-001
 2.000000E+000 3.000000E-001 2.000000E-001
 2.050000E+000 3.000000E-001 2.000000E-001
 2.030769E+000 2.800000E-001 1.600000E-001
 2.011539E+000 2.600000E-001 1.200000E-001
 1.992308E+000 2.400000E-001 8.000000E-002
 1.973077E+000 2.200000E-001 4.000000E-002
 1.981538E+000 2.800000E-001 1.600000E-001
 1.963077E+000 2.600000E-001 1.200000E-001
 1.944615E+000 2.400000E-001 8.000000E-002
 1.926154E+000 2.200000E-001 4.000000E-002
 1.932308E+000 2.800000E-001 1.600000E-001
 1.914615E+000 2.600000E-001 1.200000E-001
 1.896923E+000 2.400000E-001 8.000000E-002
 1.879231E+000 2.200000E-001 4.000000E-002
 1.883077E+000 2.800000E-001 1.600000E-001
 1.866154E+000 2.600000E-001 1.200000E-001
 1.849231E+000 2.400000E-001 8.000000E-002
 1.832308E+000 2.200000E-001 4.000000E-002
 1.833846E+000 2.800000E-001 1.600000E-001
 1.817692E+000 2.600000E-001 1.200000E-001
 1.801538E+000 2.400000E-001 8.000000E-002
 1.785385E+000 2.200000E-001 4.000000E-002
 1.784615E+000 2.800000E-001 1.600000E-001
 1.769231E+000 2.600000E-001 1.200000E-001
 1.753846E+000 2.400000E-001 8.000000E-002
 1.738461E+000 2.200000E-001 4.000000E-002
 1.735385E+000 2.800000E-001 1.600000E-001
 1.720769E+000 2.600000E-001 1.200000E-001
 1.706154E+000 2.400000E-001 8.000000E-002
 1.691538E+000 2.200000E-001 4.000000E-002
 1.686154E+000 2.800000E-001 1.600000E-001
 1.672308E+000 2.600000E-001 1.200000E-001
 1.658462E+000 2.400000E-001 8.000000E-002
 1.644615E+000 2.200000E-001 4.000000E-002
 1.636923E+000 2.800000E-001 1.600000E-001
 1.623846E+000 2.600000E-001 1.200000E-001
 1.610769E+000 2.400000E-001 8.000000E-002
 1.597692E+000 2.200000E-001 4.000000E-002
 1.587692E+000 2.800000E-001 1.600000E-001
 1.575385E+000 2.600000E-001 1.200000E-001
 1.563077E+000 2.400000E-001 8.000000E-002
 1.550769E+000 2.200000E-001 4.000000E-002
 1.538462E+000 2.800000E-001 1.600000E-001
 1.526923E+000 2.600000E-001 1.200000E-001
 1.515385E+000 2.400000E-001 8.000000E-002
 1.503846E+000 2.200000E-001 4.000000E-002
 1.489231E+000 2.800000E-001 1.600000E-001
 1.478462E+000 2.600000E-001 1.200000E-001
 1.467692E+000 2.400000E-001 8.000000E-002
 1.456923E+000 2.200000E-001 4.000000E-002
 1.440000E+000 2.800000E-001 1.600000E-001
 1.430000E+000 2.600000E-001 1.200000E-001
 1.420000E+000 2.400000E-001 8.000000E-002
 1.410000E+000 2.200000E-001 4.000000E-002
 1.390769E+000 2.800000E-001 1.600000E-001
 1.381539E+000 2.600000E-001 1.200000E-001
 1.372308E+000 2.400000E-001 8.000000E-002
 1.363077E+000 2.200000E-001 4.000000E-002
 1.341538E+000 2.800000E-001 1.600000E-001
 1.333077E+000 2.600000E-001 1.200000E-001
 1.324615E+000 2.400000E-001 8.000000E-002
 1.316154E+000 2.200000E-001 4.000000E-002
 1.292308E+000 2.800000E-001 1.600000E-001
 1.284615E+000 2.600000E-001 1.200000E-001
 1.276923E+000 2.400000E-001 8.000000E-002
 1.269231E+000 2.200000E-001 4.000000E-002
 1.243077E+000 2.800000E-001 1.600000E-001
 1.236154E+000 2.600000E-001 1.200000E-001
 1.229231E+000 2.400000E-001 8.000000E-002
 1.222308E+000 2.200000E-001 4.000000E-002
 1.193846E+000 2.800000E-001 1.600000E-001
 1.187692E+000 2.600000E-001 1.200000E-001
 1.181538E+000 2.400000E-001 8.000000E-002
 1.175385E+000 2.200000E-001 4.000000E-002
 1.144615E+000 2.800000E-001 1.600000E-001
 1.139231E+000 2.600000E-001 1.200000E-001
 1.133846E+000 2.400000E-001 8.000000E-002
 1.128461E+000 2.200000E-001 4.000000E-002
 1.095385E+000 2.800000E-001 1.600000E-001
 1.090769E+000 2.600000E-001 1.200000E-001
 1.086154E+000 2.400000E-001 8.000000E-002
 1.081538E+000 2.200000E-001 4.000000E-002
 1.046154E+000 2.800000E-001 1.600000E-001
 1.042308E+000 2.600000E-001 1.200000E-001
 1.038462E+000 2.400000E-001 8.000000E-002
 1.034615E+000 2.200000E-001 4.000000E-002
 9.969231E-001 2.800000E-001 1.600000E-001
 9.938462E-001 2.600000E-001 1.200000E-001
 9.907692E-001 2.400000E-001 8.000000E-002
 9.876923E-001 2.200000E-001 4.000000E-002
 9.476923E-001 2.800000E-001 1.600000E-001
 9.453846E-001 2.600000E-001 1.200000E-001
 9.430769E-001 2.400000E-001 8.000000E-002
 9.407693E-001 2.200000E-001 4.000000E-002
 8.984615E-001 2.800000E-001 1.600000E-001
 8.969231E-001 2.600000E-001 1.200000E-001
 8.953846E-001 2.400000E-001 8.000000E-002
 8.938462E-001 2.200000E-001 4.000000E-002
 8.492308E-001 2.800000E-001 1.600000E-001
 8.484615E-001 2.600000E-001 1.200000E-001
 8.476923E-001 2.400000E-001 8.000000E-002
 8.469231E-001 2.200000E-001 4.000000E-002
 8.000000E-001 2.800000E-001 1.600000E-001
 8.000000E-001 2.600000E-001 1.200000E-001
 8.000000E-001 2.400000E-001 8.000000E-002
 8.000000E-001 2.200000E-001 4.000000E-002
 7.507693E-001 2.800000E-001 1.600000E-001
 7.515385E-001 2.600000E-001 1.200000E-001
 7.523077E-001 2.400000E-001 8.000000E-002
 7.530769E-001 2.200000E-001 4.000000E-002
 7.015384E-001 2.800000E-001 1.600000E-001
 7.030769E-001 2.600000E-001 1.200000E-001
 7.046154E-001 2.400000E-001 8.000000E-002
 7.061539E-001 2.200000E-001 4.000000E-002
 6.523077E-001 2.800000E-001 1.600000E-001
 6.546154E-001 2.600000E-001 1.200000E-001
 6.569231E-001 2.400000E-001 8.000000E-002
 6.592308E-001 2.200000E-001 4.000000E-002
 6.030769E-001 2.800000E-001 1.600000E-001
 6.061538E-001 2.600000E-001 1.200000E-001
 6.092308E-001 2.400000E-001 8.000000E-002
 6.123077E-001 2.200000E-001 4.000000E-002
 5.538462E-001 2.800000E-001 1.600000E-001
 5.576923E-001 2.600000E-001 1.200000E-001
 5.615385E-001 2.400000E-001 8.000000E-002
 5.653846E-001 2.200000E-001 4.000000E-002
 5.046154E-001 2.800000E-001 1.600000E-001
 5.092308E-001 2.600000E-001 1.200000E-001
 5.138462E-001 2.400000E-001 8.000000E-002
 5.184615E-001 2.200000E-001 4.000000E-002
 4.553846E-001 2.800000E-001 1.600000E-001
 4.607692E-001 2.600000E-001 1.200000E-001
 4.661539E-001 2.400000E-001 8.000000E-002
 4.715385E-001 2.200000E-001 4.000000E-002
 4.061539E-001 2.800000E-001 1.600000E-001
 4.123077E-001 2.600000E-001 1.200000E-001
 4.184615E-001 2.400000E-001 8.000000E-002
 4.246154E-001 2.200000E-001 4.000000E-002
 3.569231E-001 2.800000E-001 1.600000E-001
 3.638462E-001 2.600000E-001 1.200000E-001
 3.707692E-001 2.400000E-001 8.000000E-002
 3.776923E-001 2.200000E-001 4.000000E-002
 3.076923E-001 2.800000E-001 1.600000E-001
 3.153846E-001 2.600000E-001 1.200000E-001
 3.230769E-001 2.400000E-001 8.000000E-002
 3.307692E-001 2.200000E-001 4.000000E-002
 2.584615E-001 2.800000E-001 1.600000E-001
 2.669231E-001 2.600000E-001 1.200000E-001
 2.753846E-001 2.400000E-001 8.000000E-002
 2.838461E-001 2.200000E-001 4.000000E-002
 2.092308E-001 2.800000E-001 1.600000E-001
 2.184615E-001 2.600000E-001 1.200000E-001
 2.276923E-001 2.400000E-001 8.000000E-002
 2.369231E-001 2.200000E-001 4.000000E-002
 1.600000E-001 2.800000E-001 1.600000E-001
 1.700000E-001 2.600000E-001 1.200000E-001
 1.800000E-001 2.400000E-001 8.000000E-002
 1.900000E-001 2.200000E-001 4.000000E-002
 1.107692E-001 2.800000E-001 1.600000E-001
 1.215385E-001 2.600000E-001 1.200000E-001
 1.323077E-001 2.400000E-001 8.000000E-002
 1.430769E-001 2.200000E-001 4.000000E-002
 6.153846E-002 2.800000E-001 1.600000E-001
 7.307693E-002 2.600000E-001 1.200000E-001
 8.461539E-002 2.400000E-001 8.000000E-002
 9.615385E-002 2.200000E-001 4.000000E-002
 1.230769E-002 2.800000E-001 1.600000E-001
 2.461538E-002 2.600000E-001 1.200000E-001
 3.692308E-002 2.400000E-001 8.000000E-002
 4.923077E-002 2.200000E-001 4.000000E-002
 -3.692308E-002 2.800000E-001 1.600000E-001
 -2.384615E-002 2.600000E-001 1.200000E-001
 -1.076923E-002 2.400000E-001 8.000000E-002
 2.307692E-003 2.200000E-001 4.000000E-002
 -8.615384E-002 2.800000E-001 1.600000E-001
 -7.230769E-002 2.600000E-001 1.200000E-001
 -5.846154E-002 2.400000E-001 8.000000E-002
 -4.461538E-002 2.200000E-001 4.000000E-002
 -1.353846E-001 2.800000E-001 1.600000E-001
 -1.207692E-001 2.600000E-001 1.200000E-001
 -1.061538E-001 2.400000E-001 8.000000E-002
 -9.153846E-002 2.200000E-001 4.000000E-002
 -1.846154E-001 2.800000E-001 1.600000E-001
 -1.692308E-001 2.600000E-001 1.200000E-001
 -1.538462E-001 2.400000E-001 8.000000E-002
 -1.384615E-001 2.200000E-001 4.000000E-002
 -2.338462E-001 2.800000E-001 1.600000E-001
 -2.176923E-001 2.600000E-001 1.200000E-001
 -2.015385E-001 2.400000E-001 8.000000E-002
 -1.853846E-001 2.200000E-001 4.000000E-002
 -2.830769E-001 2.800000E-001 1.600000E-001
 -2.661538E-001 2.600000E-001 1.200000E-001
 -2.492308E-001 2.400000E-001 8.000000E-002
 -2.323077E-001 2.200000E-001 4.000000E-002
 -3.323077E-001 2.800000E-001 1.600000E-001
 -3.146154E-001 2.600000E-001 1.200000E-001
 -2.969231E-001 2.400000E-001 8.000000E-002
 -2.792308E-001 2.200000E-001 4.000000E-002
 -3.815385E-001 2.800000E-001 1.600000E-001
 -3.630769E-001 2.600000E-001 1.200000E-001
 -3.446154E-001 2.400000E-001 8.000000E-002
 -3.261538E-001 2.200000E-001 4.000000E-002
 -4.307692E-001 2.800000E-001 1.600000E-001
 -4.115385E-001 2.600000E-001 1.200000E-001
 -3.923077E-001 2.400000E-001 8.000000E-002
 -3.730769E-001 2.200000E-001 4.000000E-002
 -4.800000E-001 2.800000E-001 1.600000E-001
 -4.600000E-001 2.600000E-001 1.200000E-001
 -4.400000E-001 2.400000E-001 8.000000E-002
 -4.200000E-001 2.200000E-001 4.000000E-002
 -5.292308E-001 2.800000E-001 1.600000E-001
 -5.084615E-001 2.600000E-001 1.200000E-001
 -4.876923E-001 2.400000E-001 8.000000E-002
 -4.669231E-001 2.200000E-001 4.000000E-002
 -5.784615E-001 2.800000E-001 1.600000E-001
 -5.569231E-001 2.600000E-001 1.200000E-001
 -5.353846E-001 2.400000E-001 8.000000E-002
 -5.138462E-001 2.200000E-001 4.000000E-002
 -6.276923E-001 2.800000E-001 1.600000E-001
 -6.053846E-001 2.600000E-001 1.200000E-001
 -5.830769E-001 2.400000E-001 8.000000E-002
 -5.607693E-001 2.200000E-001 4.000000E-002
 -6.769231E-001 2.800000E-001 1.600000E-001
 -6.538461E-001 2.600000E-001 1.200000E-001
 -6.307693E-001 2.400000E-001 8.000000E-002
 -6.076923E-001 2.200000E-001 4.000000E-002
 -7.261539E-001 2.800000E-001 1.600000E-001
 -7.023077E-001 2.600000E-001 1.200000E-001
 -6.784616E-001 2.400000E-001 8.000000E-002
 -6.546154E-001 2.200000E-001 4.000000E-002
 -7.753846E-001 2.800000E-001 1.600000E-001
 -7.507693E-001 2.600000E-001 1.200000E-001
 -7.261539E-001 2.400000E-001 8.000000E-002
 -7.015384E-001 2.200000E-001 4.000000E-002
 -8.246154E-001 2.800000E-001 1.600000E-001
 -7.992308E-001 2.600000E-001 1.200000E-001
 -7.738461E-001 2.400000E-001 8.000000E-002
 -7.484615E-001 2.200000E-001 4.000000E-002
 -8.738462E-001 2.800000E-001 1.600000E-001
 -8.476923E-001 2.600000E-001 1.200000E-001
 -8.215384E-001 2.400000E-001 8.000000E-002
 -7.953846E-001 2.200000E-001 4.000000E-002
 -9.230769E-001 2.800000E-001 1.600000E-001
 -8.961539E-001 2.600000E-001 1.200000E-001
 -8.692307E-001 2.400000E-001 8.000000E-002
 -8.423077E-001 2.200000E-001 4.000000E-002
 -9.723077E-001 2.800000E-001 1.600000E-001
 -9.446154E-001 2.600000E-001 1.200000E-001
 -9.169231E-001 2.400000E-001 8.000000E-002
 -8.892308E-001 2.200000E-001 4.000000E-002
 -1.021538E+000 2.800000E-001 1.600000E-001
 -9.930769E-001 2.600000E-001 1.200000E-001
 -9.646154E-001 2.400000E-001 8.000000E-002
 -9.361538E-001 2.200000E-001 4.000000E-002
 -1.070769E+000 2.800000E-001 1.600000E-001
 -1.041538E+000 2.600000E-001 1.200000E-001
 -1.012308E+000 2.400000E-001 8.000000E-002
 -9.830769E-001 2.200000E-001 4.000000E-002
 1.953846E+000 1.666667E-001 0.000000E+000
 1.953846E+000 1.333333E-001 0.000000E+000
 1.953846E+000 1.000000E-001 0.000000E+000
 1.953846E+000 6.666667E-002 0.000000E+000
 1.953846E+000 3.333334E-002 0.000000E+000
 1.953846E+000 0.000000E+000 0.000000E+000
 1.953846E+000 -3.333334E-002 0.000000E+000
 1.953846E+000 -6.666667E-002 0.000000E+000
 1.953846E+000 -1.000000E-001 0.000000E+000
 1.953846E+000 -1.333333E-001 0.000000E+000
 1.953846E+000 -1.666667E-001 0.000000E+000
 1.907692E+000 1.666667E-001 0.000000E+000
 1.907692E+000 1.333333E-001 0.000000E+000
 1.907692E+000 1.000000E-001 0.000000E+000
 1.907692E+000 6.666667E-002 0.000000E+000
 1.907692E+000 3.333334E-002 0.000000E+000
 1.907692E+000 0.000000E+000 0.000000E+000
 1.907692E+000 -3.333334E-002 0.000000E+000
 1.907692E+000 -6.666667E-002 0.000000E+000
 1.907692E+000 -1.000000E-001 0.000000E+000
 1.907692E+000 -1.333333E-001 0.000000E+000
 1.907692E+000 -1.666667E-001 0.000000E+000
 1.861538E+000 1.666667E-001 0.000000E+000
 1.861538E+000 1.333333E-001 0.000000E+000
 1.861538E+000 1.000000E-001 0.000000E+000
 1.861538E+000 6.666667E-002 0.000000E+000
 1.861538E+000 3.333334E-002 0.000000E+000
 1.861538E+000 0.000000E+000 0.000000E+000
 1.861538E+000 -3.333334E-002 0.000000E+000
 1.861538E+000 -6.666667E-002 0.000000E+000
 1.861538E+000 -1.000000E-001 0.000000E+000
 1.861538E+000 -1.333333E-001 0.000000E+000
 1.861538E+000 -1.666667E-001 0.000000E+000
 1.815385E+000 1.666667E-001 0.000000E+000
 1.815385E+000 1.333333E-001 0.000000E+000
 1.815385E+000 1.000000E-001 0.000000E+000
 1.815385E+000 6.666667E-002 0.000000E+000
 1.815385E+000 3.333334E-002 0.000000E+000
 1.815385E+000 0.000000E+000 0.000000E+000
 1.815385E+000 -3.333334E-002 0.000000E+000
 1.815385E+000 -6.666667E-002 0.000000E+000
 1.815385E+000 -1.000000E-001 0.000000E+000
 1.815385E+000 -1.333333E-001 0.000000E+000
 1.815385E+000 -1.666667E-001 0.000000E+000
 1.769231E+000 1.666667E-001 0.000000E+000
 1.769231E+000 1.333333E-001 0.000000E+000
 1.769231E+000 1.000000E-001 0.000000E+000
 1.769231E+000 6.666667E-002 0.000000E+000
 1.769231E+000 3.333334E-002 0.000000E+000
 1.769231E+000 0.000000E+000 0.000000E+000
 1.769231E+000 -3.333334E-002 0.000000E+000
 1.769231E+000 -6.666667E-002 0.000000E+000
 1.769231E+000 -1.000000E-001 0.000000E+000
 1.769231E+000 -1.333333E-001 0.000000E+000
 1.769231E+000 -1.666667E-001 0.000000E+000
 1.723077E+000 1.666667E-001 0.000000E+000
 1.723077E+000 1.333333E-001 0.000000E+000
 1.723077E+000 1.000000E-001 0.000000E+000
 1.723077E+000 6.666667E-002 0.000000E+000
 1.723077E+000 3.333334E-002 0.000000E+000
 1.723077E+000 0.000000E+000 0.000000E+000
 1.723077E+000 -3.333334E-002 0.000000E+000
 1.723077E+000 -6.666667E-002 0.000000E+000
 1.723077E+000 -1.000000E-001 0.000000E+000
 1.723077E+000 -1.333333E-001 0.000000E+000
 1.723077E+000 -1.666667E-001 0.000000E+000
 1.676923E+000 1.666667E-001 0.000000E+000
 1.676923E+000 1.333333E-001 0.000000E+000
 1.676923E+000 1.000000E-001 0.000000E+000
 1.676923E+000 6.666667E-002 0.000000E+000
 1.676923E+000 3.333334E-002 0.000000E+000
 1.676923E+000 0.000000E+000 0.000000E+000
 1.676923E+000 -3.333334E-002 0.000000E+000
 1.676923E+000 -6.666667E-002 0.000000E+000
 1.676923E+000 -1.000000E-001 0.000000E+000
 1.676923E+000 -1.333333E-001 0.000000E+000
 1.676923E+000 -1.666667E-001 0.000000E+000
 1.630769E+000 1.666667E-001 0.000000E+000
 1.630769E+000 1.333333E-001 0.000000E+000
 1.630769E+000 1.000000E-001 0.000000E+000
 1.630769E+000 6.666667E-002 0.000000E+000
 1.630769E+000 3.333334E-002 0.000000E+000
 1.630769E+000 0.000000E+000 0.000000E+000
 1.630769E+000 -3.333334E-002 0.000000E+000
 1.630769E+000 -6.666667E-002 0.000000E+000
 1.630769E+000 -1.000000E-001 0.000000E+000
 1.630769E+000 -1.333333E-001 0.000000E+000
 1.630769E+000 -1.666667E-001 0.000000E+000
 1.584615E+000 1.666667E-001 0.000000E+000
 1.584615E+000 1.333333E-001 0.000000E+000
 1.584615E+000 1.000000E-001 0.000000E+000
 1.584615E+000 6.666667E-002 0.000000E+000
 1.584615E+000 3.333334E-002 0.000000E+000
 1.584615E+000 0.000000E+000 0.000000E+000
 1.584615E+000 -3.333334E-002 0.000000E+000
 1.584615E+000 -6.666667E-002 0.000000E+000
 1.584615E+000 -1.000000E-001 0.000000E+000
 1.584615E+000 -1.333333E-001 0.000000E+000
 1.584615E+000 -1.666667E-001 0.000000E+000
 1.538462E+000 1.666667E-001 0.000000E+000
 1.538462E+000 1.333333E-001 0.000000E+000
 1.538462E+000 1.000000E-001 0.000000E+000
 1.538462E+000 6.666667E-002 0.000000E+000
 1.538462E+000 3.333334E-002 0.000000E+000
 1.538462E+000 0.000000E+000 0.000000E+000
 1.538462E+000 -3.333334E-002 0.000000E+000
 1.538462E+000 -6.666667E-002 0.000000E+000
 1.538462E+000 -1.000000E-001 0.000000E+000
 1.538462E+000 -1.333333E-001 0.000000E+000
 1.538462E+000 -1.666667E-001 0.000000E+000
 1.492308E+000 1.666667E-001 0.000000E+000
 1.492308E+000 1.333333E-001 0.000000E+000
 1.492308E+000 1.000000E-001 0.000000E+000
 1.492308E+000 6.666667E-002 0.000000E+000
 1.492308E+000 3.333334E-002 0.000000E+000
 1.492308E+000 0.000000E+000 0.000000E+000
 1.492308E+000 -3.333334E-002 0.000000E+000
 1.492308E+000 -6.666667E-002 0.000000E+000
 1.492308E+000 -1.000000E-001 0.000000E+000
 1.492308E+000 -1.333333E-001 0.000000E+000
 1.492308E+000 -1.666667E-001 0.000000E+000
 1.446154E+000 1.666667E-001 0.000000E+000
 1.446154E+000 1.333333E-001 0.000000E+000
 1.446154E+000 1.000000E-001 0.000000E+000
 1.446154E+000 6.666667E-002 0.000000E+000
 1.446154E+000 3.333334E-002 0.000000E+000
 1.446154E+000 0.000000E+000 0.000000E+000
 1.446154E+000 -3.333334E-002 0.000000E+000
 1.446154E+000 -6.666667E-002 0.000000E+000
 1.446154E+000 -1.000000E-001 0.000000E+000
 1.446154E+000 -1.333333E-001 0.000000E+000
 1.446154E+000 -1.666667E-001 0.000000E+000
 1.400000E+000 1.666667E-001 0.000000E+000
 1.400000E+000 1.333333E-001 0.000000E+000
 1.400000E+000 1.000000E-001 0.000000E+000
 1.400000E+000 6.666667E-002 0.000000E+000
 1.400000E+000 3.333334E-002 0.000000E+000
 1.400000E+000 0.000000E+000 0.000000E+000
 1.400000E+000 -3.333334E-002 0.000000E+000
 1.400000E+000 -6.666667E-002 0.000000E+000
 1.400000E+000 -1.000000E-001 0.000000E+000
 1.400000E+000 -1.333333E-001 0.000000E+000
 1.400000E+000 -1.666667E-001 0.000000E+000
 1.353846E+000 1.666667E-001 0.000000E+000
 1.353846E+000 1.333333E-001 0.000000E+000
 1.353846E+000 1.000000E-001 0.000000E+000
 1.353846E+000 6.666667E-002 0.000000E+000
 1.353846E+000 3.333334E-002 0.000000E+000
 1.353846E+000 0.000000E+000 0.000000E+000
 1.353846E+000 -3.333334E-002 0.000000E+000
 1.353846E+000 -6.666667E-002 0.000000E+000
 1.353846E+000 -1.000000E-001 0.000000E+000
 1.353846E+000 -1.333333E-001 0.000000E+000
 1.353846E+000 -1.666667E-001 0.000000E+000
 1.307692E+000 1.666667E-001 0.000000E+000
 1.307692E+000 1.333333E-001 0.000000E+000
 1.307692E+000 1.000000E-001 0.000000E+000
 1.307692E+000 6.666667E-002 0.000000E+000
 1.307692E+000 3.333334E-002 0.000000E+000
 1.307692E+000 0.000000E+000 0.000000E+000
 1.307692E+000 -3.333334E-002 0.000000E+000
 1.307692E+000 -6.666667E-002 0.000000E+000
 1.307692E+000 -1.000000E-001 0.000000E+000
 1.307692E+000 -1.333333E-001 0.000000E+000
 1.307692E+000 -1.666667E-001 0.000000E+000
 1.261539E+000 1.666667E-001 0.000000E+000
 1.261539E+000 1.333333E-001 0.000000E+000
 1.261539E+000 1.000000E-001 0.000000E+000
 1.261539E+000 6.666667E-002 0.000000E+000
 1.261539E+000 3.333334E-002 0.000000E+000
 1.261539E+000 0.000000E+000 0.000000E+000
 1.261539E+000 -3.333334E-002 0.000000E+000
 1.261539E+000 -6.666667E-002 0.000000E+000
 1.261539E+000 -1.000000E-001 0.000000E+000
 1.261539E+000 -1.333333E-001 0.000000E+000
 1.261539E+000 -1.666667E-001 0.000000E+000
 1.215385E+000 1.666667E-001 0.000000E+000
 1.215385E+000 1.333333E-001 0.000000E+000
 1.215385E+000 1.000000E-001 0.000000E+000
 1.215385E+000 6.666667E-002 0.000000E+000
 1.215385E+000 3.333334E-002 0.000000E+000
 1.215385E+000 0.000000E+000 0.000000E+000
 1.215385E+000 -3.333334E-002 0.000000E+000
 1.215385E+000 -6.666667E-002 0.000000E+000
 1.215385E+000 -1.000000E-001 0.000000E+000
 1.215385E+000 -1.333333E-001 0.000000E+000
 1.215385E+000 -1.666667E-001 0.000000E+000
 1.169231E+000 1.666667E-001 0.000000E+000
 1.169231E+000 1.333333E-001 0.000000E+000
 1.169231E+000 1.000000E-001 0.000000E+000
 1.169231E+000 6.666667E-002 0.000000E+000
 1.169231E+000 3.333334E-002 0.000000E+000
 1.169231E+000 0.000000E+000 0.000000E+000
 1.169231E+000 -3.333334E-002 0.000000E+000
 1.169231E+000 -6.666667E-002 0.000000E+000
 1.169231E+000 -1.000000E-001 0.000000E+000
 1.169231E+000 -1.333333E-001 0.000000E+000
 1.169231E+000 -1.666667E-001 0.000000E+000
 1.123077E+000 1.666667E-001 0.000000E+000
 1.123077E+000 1.333333E-001 0.000000E+000
 1.123077E+000 1.000000E-001 0.000000E+000
 1.123077E+000 6.666667E-002 0.000000E+000
 1.123077E+000 3.333334E-002 0.000000E+000
 1.123077E+000 0.000000E+000 0.000000E+000
 1.123077E+000 -3.333334E-002 0.000000E+000
 1.123077E+000 -6.666667E-002 0.000000E+000
 1.123077E+000 -1.000000E-001 0.000000E+000
 1.123077E+000 -1.333333E-001 0.000000E+000
 1.123077E+000 -1.666667E-001 0.000000E+000
 1.076923E+000 1.666667E-001 0.000000E+000
 1.076923E+000 1.333333E-001 0.000000E+000
 1.076923E+000 1.000000E-001 0.000000E+000
 1.076923E+000 6.666667E-002 0.000000E+000
 1.076923E+000 3.333334E-002 0.000000E+000
 1.076923E+000 0.000000E+000 0.000000E+000
 1.076923E+000 -3.333334E-002 0.000000E+000
 1.076923E+000 -6.666667E-002 0.000000E+000
 1.076923E+000 -1.000000E-001 0.000000E+000
 1.076923E+000 -1.333333E-001 0.000000E+000
 1.076923E+000 -1.666667E-001 0.000000E+000
 1.030769E+000 1.666667E-001 0.000000E+000
 1.030769E+000 1.333333E-001 0.000000E+000
 1.030769E+000 1.000000E-001 0.000000E+000
 1.030769E+000 6.666667E-002 0.000000E+000
 1.030769E+000 3.333334E-002 0.000000E+000
 1.030769E+000 0.000000E+000 0.000000E+000
 1.030769E+000 -3.333334E-002 0.000000E+000
 1.030769E+000 -6.666667E-002 0.000000E+000
 1.030769E+000 -1.000000E-001 0.000000E+000
 1.030769E+000 -1.333333E-001 0.000000E+000
 1.030769E+000 -1.666667E-001 0.000000E+000
 9.846154E-001 1.666667E-001 0.000000E+000
 9.846154E-001 1.333333E-001 0.000000E+000
 9.846154E-001 1.000000E-001 0.000000E+000
 9.846154E-001 6.666667E-002 0.000000E+000
 9.846154E-001 3.333334E-002 0.000000E+000
 9.846154E-001 0.000000E+000 0.000000E+000
 9.846154E-001 -3.333334E-002 0.000000E+000
 9.846154E-001 -6.666667E-002 0.000000E+000
 9.846154E-001 -1.000000E-001 0.000000E+000
 9.846154E-001 -1.333333E-001 0.000000E+000
 9.846154E-001 -1.666667E-001 0.000000E+000
 9.384615E-001 1.666667E-001 0.000000E+000
 9.384615E-001 1.333333E-001 0.000000E+000
 9.384615E-001 1.000000E-001 0.000000E+000
 9.384615E-001 6.666667E-002 0.000000E+000
 9.384615E-001 3.333334E-002 0.000000E+000
 9.384615E-001 0.000000E+000 0.000000E+000
 9.384615E-001 -3.333334E-002 0.000000E+000
 9.384615E-001 -6.666667E-002 0.000000E+000
 9.384615E-001 -1.000000E-001 0.000000E+000
 9.384615E-001 -1.333333E-001 0.000000E+000
 9.384615E-001 -1.666667E-001 0.000000E+000
 8.923077E-001 1.666667E-001 0.000000E+000
 8.923077E-001 1.333333E-001 0.000000E+000
 8.923077E-001 1.000000E-001 0.000000E+000
 8.923077E-001 6.666667E-002 0.000000E+000
 8.923077E-001 3.333334E-002 0.000000E+000
 8.923077E-001 0.000000E+000 0.000000E+000
 8.923077E-001 -3.333334E-002 0.000000E+000
 8.923077E-001 -6.666667E-002 0.000000E+000
 8.923077E-001 -1.000000E-001 0.000000E+000
 8.923077E-001 -1.333333E-001 0.000000E+000
 8.923077E-001 -1.666667E-001 0.000000E+000
 8.461539E-001 1.666667E-001 0.000000E+000
 8.461539E-001 1.333333E-001 0.000000E+000
 8.461539E-001 1.000000E-001 0.000000E+000
 8.461539E-001 6.666667E-002 0.000000E+000
 8.461539E-001 3.333334E-002 0.000000E+000
 8.461539E-001 0.000000E+000 0.000000E+000
 8.461539E-001 -3.333334E-002 0.000000E+000
 8.461539E-001 -6.666667E-002 0.000000E+000
 8.461539E-001 -1.000000E-001 0.000000E+000
 8.461539E-001 -1.333333E-001 0.000000E+000
 8.461539E-001 -1.666667E-001 0.000000E+000
 8.000000E-001 1.666667E-001 0.000000E+000
 8.000000E-001 1.333333E-001 0.000000E+000
 8.000000E-001 1.000000E-001 0.000000E+000
 8.000000E-001 6.666667E-002 0.000000E+000
 8.000000E-001 3.333334E-002 0.000000E+000
 8.000000E-001 0.000000E+000 0.000000E+000
 8.000000E-001 -3.333334E-002 0.000000E+000
 8.000000E-001 -6.666667E-002 0.000000E+000
 8.000000E-001 -1.000000E-001 0.000000E+000
 8.000000E-001 -1.333333E-001 0.000000E+000
 8.000000E-001 -1.666667E-001 0.000000E+000
 7.538462E-001 1.666667E-001 0.000000E+000
 7.538462E-001 1.333333E-001 0.000000E+000
 7.538462E-001 1.000000E-001 0.000000E+000
 7.538462E-001 6.666667E-002 0.000000E+000
 7.538462E-001 3.333334E-002 0.000000E+000
 7.538462E-001 0.000000E+000 0.000000E+000
 7.538462E-001 -3.333334E-002 0.000000E+000
 7.538462E-001 -6.666667E-002 0.000000E+000
 7.538462E-001 -1.000000E-001 0.000000E+000
 7.538462E-001 -1.333333E-001 0.000000E+000
 7.538462E-001 -1.666667E-001 0.000000E+000
 7.076923E-001 1.666667E-001 0.000000E+000
 7.076923E-001 1.333333E-001 0.000000E+000
 7.076923E-001 1.000000E-001 0.000000E+000
 7.076923E-001 6.666667E-002 0.000000E+000
 7.076923E-001 3.333334E-002 0.000000E+000
 7.076923E-001 0.000000E+000 0.000000E+000
 7.076923E-001 -3.333334E-002 0.000000E+000
 7.076923E-001 -6.666667E-002 0.000000E+000
 7.076923E-001 -1.000000E-001 0.000000E+000
 7.076923E-001 -1.333333E-001 0.000000E+000
 7.076923E-001 -1.666667E-001 0.000000E+000
 6.615385E-001 1.666667E-001 0.000000E+000
 6.615385E-001 1.333333E-001 0.000000E+000
 6.615385E-001 1.000000E-001 0.000000E+000
 6.615385E-001 6.666667E-002 0.000000E+000
 6.615385E-001 3.333334E-002 0.000000E+000
 6.615385E-001 0.000000E+000 0.000000E+000
 6.615385E-001 -3.333334E-002 0.000000E+000
 6.615385E-001 -6.666667E-002 0.000000E+000
 6.615385E-001 -1.000000E-001 0.000000E+000
 6.615385E-001 -1.333333E-001 0.000000E+000
 6.615385E-001 -1.666667E-001 0.000000E+000
 6.153846E-001 1.666667E-001 0.000000E+000
 6.153846E-001 1.333333E-001 0.000000E+000
 6.153846E-001 1.000000E-001 0.000000E+000
 6.153846E-001 6.666667E-002 0.000000E+000
 6.153846E-001 3.333334E-002 0.000000E+000
 6.153846E-001 0.000000E+000 0.000000E+000
 6.153846E-001 -3.333334E-002 0.000000E+000
 6.153846E-001 -6.666667E-002 0.000000E+000
 6.153846E-001 -1.000000E-001 0.000000E+000
 6.153846E-001 -1.333333E-001 0.000000E+000
 6.153846E-001 -1.666667E-001 0.000000E+000
 5.692308E-001 1.666667E-001 0.000000E+000
 5.692308E-001 1.333333E-001 0.000000E+000
 5.692308E-001 1.000000E-001 0.000000E+000
 5.692308E-001 6.666667E-002 0.000000E+000
 5.692308E-001 3.333334E-002 0.000000E+000
 5.692308E-001 0.000000E+000 0.000000E+000
 5.692308E-001 -3.333334E-002 0.000000E+000
 5.692308E-001 -6.666667E-002 0.000000E+000
 5.692308E-001 -1.000000E-001 0.000000E+000
 5.692308E-001 -1.333333E-001 0.000000E+000
 5.692308E-001 -1.666667E-001 0.000000E+000
 5.230770E-001 1.666667E-001 0.000000E+000
 5.230770E-001 1.333333E-001 0.000000E+000
 5.230770E-001 1.000000E-001 0.000000E+000
 5.230770E-001 6.666667E-002 0.000000E+000
 5.230770E-001 3.333334E-002 0.000000E+000
 5.230770E-001 0.000000E+000 0.000000E+000
 5.230770E-001 -3.333334E-002 0.000000E+000
 5.230770E-001 -6.666667E-002 0.000000E+000
 5.230770E-001 -1.000000E-001 0.000000E+000
 5.230770E-001 -1.333333E-001 0.000000E+000
 5.230770E-001 -1.666667E-001 0.000000E+000
 4.769231E-001 1.666667E-001 0.000000E+000
 4.769231E-001 1.333333E-001 0.000000E+000
 4.769231E-001 1.000000E-001 0.000000E+000
 4.769231E-001 6.666667E-002 0.000000E+000
 4.769231E-001 3.333334E-002 0.000000E+000
 4.769231E-001 0.000000E+000 0.000000E+000
 4.769231E-001 -3.333334E-002 0.000000E+000
 4.769231E-001 -6.666667E-002 0.000000E+000
 4.769231E-001 -1.000000E-001 0.000000E+000
 4.769231E-001 -1.333333E-001 0.000000E+000
 4.769231E-001 -1.666667E-001 0.000000E+000
 4.307692E-001 1.666667E-001 0.000000E+000
 4.307692E-001 1.333333E-001 0.000000E+000
 4.307692E-001 1.000000E-001 0.000000E+000
 4.307692E-001 6.666667E-002 0.000000E+000
 4.307692E-001 3.333334E-002 0.000000E+000
 4.307692E-001 0.000000E+000 0.000000E+000
 4.307692E-001 -3.333334E-002 0.000000E+000
 4.307692E-001 -6.666667E-002 0.000000E+000
 4.307692E-001 -1.000000E-001 0.000000E+000
 4.307692E-001 -1.333333E-001 0.000000E+000
 4.307692E-001 -1.666667E-001 0.000000E+000
 3.846154E-001 1.666667E-001 0.000000E+000
 3.846154E-001 1.333333E-001 0.000000E+000
 3.846154E-001 1.000000E-001 0.000000E+000
 3.846154E-001 6.666667E-002 0.000000E+000
 3.846154E-001 3.333334E-002 0.000000E+000
 3.846154E-001 0.000000E+000 0.000000E+000
 3.846154E-001 -3.333334E-002 0.000000E+000
 3.846154E-001 -6.666667E-002 0.000000E+000
 3.846154E-001 -1.000000E-001 0.000000E+000
 3.846154E-001 -1.333333E-001 0.000000E+000
 3.846154E-001 -1.666667E-001 0.000000E+000
 3.384615E-001 1.666667E-001 0.000000E+000
 3.384615E-001 1.333333E-001 0.000000E+000
 3.384615E-001 1.000000E-001 0.000000E+000
 3.384615E-001 6.666667E-002 0.000000E+000
 3.384615E-001 3.333334E-002 0.000000E+000
 3.384615E-001 0.000000E+000 0.000000E+000
 3.384615E-001 -3.333334E-002 0.000000E+000
 3.384615E-001 -6.666667E-002 0.000000E+000
 3.384615E-001 -1.000000E-001 0.000000E+000
 3.384615E-001 -1.333333E-001 0.000000E+000
 3.384615E-001 -1.666667E-001 0.000000E+000
 2.923077E-001 1.666667E-001 0.000000E+000
 2.923077E-001 1.333333E-001 0.000000E+000
 2.923077E-001 1.000000E-001 0.000000E+000
 2.923077E-001 6.666667E-002 0.000000E+000
 2.923077E-001 3.333334E-002 0.000000E+000
 2.923077E-001 0.000000E+000 0.000000E+000
 2.923077E-001 -3.333334E-002 0.000000E+000
 2.923077E-001 -6.666667E-002 0.000000E+000
 2.923077E-001 -1.000000E-001 0.000000E+000
 2.923077E-001 -1.333333E-001 0.000000E+000
 2.923077E-001 -1.666667E-001 0.000000E+000
 2.461538E-001 1.666667E-001 0.000000E+000
 2.461538E-001 1.333333E-001 0.000000E+000
 2.461538E-001 1.000000E-001 0.000000E+000
 2.461538E-001 6.666667E-002 0.000000E+000
 2.461538E-001 3.333334E-002 0.000000E+000
 2.461538E-001 0.000000E+000 0.000000E+000
 2.461538E-001 -3.333334E-002 0.000000E+000
 2.461538E-001 -6.666667E-002 0.000000E+000
 2.461538E-001 -1.000000E-001 0.000000E+000
 2.461538E-001 -1.333333E-001 0.000000E+000
 2.461538E-001 -1.666667E-001 0.000000E+000
 2.000000E-001 1.666667E-001 0.000000E+000
 2.000000E-001 1.333333E-001 0.000000E+000
 2.000000E-001 1.000000E-001 0.000000E+000
 2.000000E-001 6.666667E-002 0.000000E+000
 2.000000E-001 3.333334E-002 0.000000E+000
 2.000000E-001 0.000000E+000 0.000000E+000
 2.000000E-001 -3.333334E-002 0.000000E+000
 2.000000E-001 -6.666667E-002 0.000000E+000
 2.000000E-001 -1.000000E-001 0.000000E+000
 2.000000E-001 -1.333333E-001 0.000000E+000
 2.000000E-001 -1.666667E-001 0.000000E+000
 1.538462E-001 1.666667E-001 0.000000E+000
 1.538462E-001 1.333333E-001 0.000000E+000
 1.538462E-001 1.000000E-001 0.000000E+000
 1.538462E-001 6.666667E-002 0.000000E+000
 1.538462E-001 3.333334E-002 0.000000E+000
 1.538462E-001 0.000000E+000 0.000000E+000
 1.538462E-001 -3.333334E-002 0.000000E+000
 1.538462E-001 -6.666667E-002 0.000000E+000
 1.538462E-001 -1.000000E-001 0.000000E+000
 1.538462E-001 -1.333333E-001 0.000000E+000
 1.538462E-001 -1.666667E-001 0.000000E+000
 1.076923E-001 1.666667E-001 0.000000E+000
 1.076923E-001 1.333333E-001 0.000000E+000
 1.076923E-001 1.000000E-001 0.000000E+000
 1.076923E-001 6.666667E-002 0.000000E+000
 1.076923E-001 3.333334E-002 0.000000E+000
 1.076923E-001 0.000000E+000 0.000000E+000
 1.076923E-001 -3.333334E-002 0.000000E+000
 1.076923E-001 -6.666667E-002 0.000000E+000
 1.076923E-001 -1.000000E-001 0.000000E+000
 1.076923E-001 -1.333333E-001 0.000000E+000
 1.076923E-001 -1.666667E-001 0.000000E+000
 6.153846E-002 1.666667E-001 0.000000E+000
 6.153846E-002 1.333333E-001 0.000000E+000
 6.153846E-002 1.000000E-001 0.000000E+000
 6.153846E-002 6.666667E-002 0.000000E+000
 6.153846E-002 3.333334E-002 0.000000E+000
 6.153846E-002 0.000000E+000 0.000000E+000
 6.153846E-002 -3.333334E-002 0.000000E+000
 6.153846E-002 -6.666667E-002 0.000000E+000
 6.153846E-002 -1.000000E-001 0.000000E+000
 6.153846E-002 -1.333333E-001 0.000000E+000
 6.153846E-002 -1.666667E-001 0.000000E+000
 1.538462E-002 1.666667E-001 0.000000E+000
 1.538462E-002 1.333333E-001 0.000000E+000
 1.538462E-002 1.000000E-001 0.000000E+000
 1.538462E-002 6.666667E-002 0.000000E+000
 1.538462E-002 3.333334E-002 0.000000E+000
 1.538462E-002 0.000000E+000 0.000000E+000
 1.538462E-002 -3.333334E-002 0.000000E+000
 1.538462E-002 -6.666667E-002 0.000000E+000
 1.538462E-002 -1.000000E-001 0.000000E+000
 1.538462E-002 -1.333333E-001 0.000000E+000
 1.538462E-002 -1.666667E-001 0.000000E+000
 -3.076923E-002 1.666667E-001 0.000000E+000
 -3.076923E-002 1.333333E-001 0.000000E+000
 -3.076923E-002 1.000000E-001 0.000000E+000
 -3.076923E-002 6.666667E-002 0.000000E+000
 -3.076923E-002 3.333334E-002 0.000000E+000
 -3.076923E-002 0.000000E+000 0.000000E+000
 -3.076923E-002 -3.333334E-002 0.000000E+000
 -3.076923E-002 -6.666667E-002 0.000000E+000
 -3.076923E-002 -1.000000E-001 0.000000E+000
 -3.076923E-002 -1.333333E-001 0.000000E+000
 -3.076923E-002 -1.666667E-001 0.000000E+000
 -7.692308E-002 1.666667E-001 0.000000E+000
 -7.692308E-002 1.333333E-001 0.000000E+000
 -7.692308E-002 1.000000E-001 0.000000E+000
 -7.692308E-002 6.666667E-002 0.000000E+000
 -7.692308E-002 3.333334E-002 0.000000E+000
 -7.692308E-002 0.000000E+000 0.000000E+000
 -7.692308E-002 -3.333334E-002 0.000000E+000
 -7.692308E-002 -6.666667E-002 0.000000E+000
 -7.692308E-002 -1.000000E-001 0.000000E+000
 -7.692308E-002 -1.333333E-001 0.000000E+000
 -7.692308E-002 -1.666667E-001 0.000000E+000
 -1.230769E-001 1.666667E-001 0.000000E+000
 -1.230769E-001 1.333333E-001 0.000000E+000
 -1.230769E-001 1.000000E-001 0.000000E+000
 -1.230769E-001 6.666667E-002 0.000000E+000
 -1.230769E-001 3.333334E-002 0.000000E+000
 -1.230769E-001 0.000000E+000 0.000000E+000
 -1.230769E-001 -3.333334E-002 0.000000E+000
 -1.230769E-001 -6.666667E-002 0.000000E+000
 -1.230769E-001 -1.000000E-001 0.000000E+000
 -1.230769E-001 -1.333333E-001 0.000000E+000
 -1.230769E-001 -1.666667E-001 0.000000E+000
 -1.692308E-001 1.666667E-001 0.000000E+000
 -1.692308E-001 1.333333E-001 0.000000E+000
 -1.692308E-001 1.000000E-001 0.000000E+000
 -1.692308E-001 6.666667E-002 0.000000E+000
 -1.692308E-001 3.333334E-002 0.000000E+000
 -1.692308E-001 0.000000E+000 0.000000E+000
 -1.692308E-001 -3.333334E-002 0.000000E+000
 -1.692308E-001 -6.666667E-002 0.000000E+000
 -1.692308E-001 -1.000000E-001 0.000000E+000
 -1.692308E-001 -1.333333E-001 0.000000E+000
 -1.692308E-001 -1.666667E-001 0.000000E+000
 -2.153846E-001 1.666667E-001 0.000000E+000
 -2.153846E-001 1.333333E-001 0.000000E+000
 -2.153846E-001 1.000000E-001 0.000000E+000
 -2.153846E-001 6.666667E-002 0.000000E+000
 -2.153846E-001 3.333334E-002 0.000000E+000
 -2.153846E-001 0.000000E+000 0.000000E+000
 -2.153846E-001 -3.333334E-002 0.000000E+000
 -2.153846E-001 -6.666667E-002 0.000000E+000
 -2.153846E-001 -1.000000E-001 0.000000E+000
 -2.153846E-001 -1.333333E-001 0.000000E+000
 -2.153846E-001 -1.666667E-001 0.000000E+000
 -2.615385E-001 1.666667E-001 0.000000E+000
 -2.615385E-001 1.333333E-001 0.000000E+000
 -2.615385E-001 1.000000E-001 0.000000E+000
 -2.615385E-001 6.666667E-002 0.000000E+000
 -2.615385E-001 3.333334E-002 0.000000E+000
 -2.615385E-001 0.000000E+000 0.000000E+000
 -2.615385E-001 -3.333334E-002 0.000000E+000
 -2.615385E-001 -6.666667E-002 0.000000E+000
 -2.615385E-001 -1.000000E-001 0.000000E+000
 -2.615385E-001 -1.333333E-001 0.000000E+000
 -2.615385E-001 -1.666667E-001 0.000000E+000
 -3.076923E-001 1.666667E-001 0.000000E+000
 -3.076923E-001 1.333333E-001 0.000000E+000
 -3.076923E-001 1.000000E-001 0.000000E+000
 -3.076923E-001 6.666667E-002 0.000000E+000
 -3.076923E-001 3.333334E-002 0.000000E+000
 -3.076923E-001 0.000000E+000 0.000000E+000
 -3.076923E-001 -3.333334E-002 0.000000E+000
 -3.076923E-001 -6.666667E-002 0.000000E+000
 -3.076923E-001 -1.000000E-001 0.000000E+000
 -3.076923E-001 -1.333333E-001 0.000000E+000
 -3.076923E-001 -1.666667E-001 0.000000E+000
 -3.538462E-001 1.666667E-001 0.000000E+000
 -3.538462E-001 1.333333E-001 0.000000E+000
 -3.538462E-001 1.000000E-001 0.000000E+000
 -3.538462E-001 6.666667E-002 0.000000E+000
 -3.538462E-001 3.333334E-002 0.000000E+000
 -3.538462E-001 0.000000E+000 0.000000E+000
 -3.538462E-001 -3.333334E-002 0.000000E+000
 -3.538462E-001 -6.666667E-002 0.000000E+000
 -3.538462E-001 -1.000000E-001 0.000000E+000
 -3.538462E-001 -1.333333E-001 0.000000E+000
 -3.538462E-001 -1.666667E-001 0.000000E+000
 -4.000000E-001 1.666667E-001 0.000000E+000
 -4.000000E-001 1.333333E-001 0.000000E+000
 -4.000000E-001 1.000000E-001 0.000000E+000
 -4.000000E-001 6.666667E-002 0.000000E+000
 -4.000000E-001 3.333334E-002 0.000000E+000
 -4.000000E-001 0.000000E+000 0.000000E+000
 -4.000000E-001 -3.333334E-002 0.000000E+000
 -4.000000E-001 -6.666667E-002 0.000000E+000
 -4.000000E-001 -1.000000E-001 0.000000E+000
 -4.000000E-001 -1.333333E-001 0.000000E+000
 -4.000000E-001 -1.666667E-001 0.000000E+000
 -4.461538E-001 1.666667E-001 0.000000E+000
 -4.461538E-001 1.333333E-001 0.000000E+000
 -4.461538E-001 1.000000E-001 0.000000E+000
 -4.461538E-001 6.666667E-002 0.000000E+000
 -4.461538E-001 3.333334E-002 0.000000E+000
 -4.461538E-001 0.000000E+000 0.000000E+000
 -4.461538E-001 -3.333334E-002 0.000000E+000
 -4.461538E-001 -6.666667E-002 0.000000E+000
 -4.461538E-001 -1.000000E-001 0.000000E+000
 -4.461538E-001 -1.333333E-001 0.000000E+000
 -4.461538E-001 -1.666667E-001 0.000000E+000
 -4.923077E-001 1.666667E-001 0.000000E+000
 -4.923077E-001 1.333333E-001 0.000000E+000
 -4.923077E-001 1.000000E-001 0.000000E+000
 -4.923077E-001 6.666667E-002 0.000000E+000
 -4.923077E-001 3.333334E-002 0.000000E+000
 -4.923077E-001 0.000000E+000 0.000000E+000
 -4.923077E-001 -3.333334E-002 0.000000E+000
 -4.923077E-001 -6.666667E-002 0.000000E+000
 -4.923077E-001 -1.000000E-001 0.000000E+000
 -4.923077E-001 -1.333333E-001 0.000000E+000
 -4.923077E-001 -1.666667E-001 0.000000E+000
 -5.384616E-001 1.666667E-001 0.000000E+000
 -5.384616E-001 1.333333E-001 0.000000E+000
 -5.384616E-001 1.000000E-001 0.000000E+000
 -5.384616E-001 6.666667E-002 0.000000E+000
 -5.384616E-001 3.333334E-002 0.000000E+000
 -5.384616E-001 0.000000E+000 0.000000E+000
 -5.384616E-001 -3.333334E-002 0.000000E+000
 -5.384616E-001 -6.666667E-002 0.000000E+000
 -5.384616E-001 -1.000000E-001 0.000000E+000
 -5.384616E-001 -1.333333E-001 0.000000E+000
 -5.384616E-001 -1.666667E-001 0.000000E+000
 -5.846154E-001 1.666667E-001 0.000000E+000
 -5.846154E-001 1.333333E-001 0.000000E+000
 -5.846154E-001 1.000000E-001 0.000000E+000
 -5.846154E-001 6.666667E-002 0.000000E+000
 -5.846154E-001 3.333334E-002 0.000000E+000
 -5.846154E-001 0.000000E+000 0.000000E+000
 -5.846154E-001 -3.333334E-002 0.000000E+000
 -5.846154E-001 -6.666667E-002 0.000000E+000
 -5.846154E-001 -1.000000E-001 0.000000E+000
 -5.846154E-001 -1.333333E-001 0.000000E+000
 -5.846154E-001 -1.666667E-001 0.000000E+000
 -6.307693E-001 1.666667E-001 0.000000E+000
 -6.307693E-001 1.333333E-001 0.000000E+000
 -6.307693E-001 1.000000E-001 0.000000E+000
 -6.307693E-001 6.666667E-002 0.000000E+000
 -6.307693E-001 3.333334E-002 0.000000E+000
 -6.307693E-001 0.000000E+000 0.000000E+000
 -6.307693E-001 -3.333334E-002 0.000000E+000
 -6.307693E-001 -6.666667E-002 0.000000E+000
 -6.307693E-001 -1.000000E-001 0.000000E+000
 -6.307693E-001 -1.333333E-001 0.000000E+000
 -6.307693E-001 -1.666667E-001 0.000000E+000
 -6.769231E-001 1.666667E-001 0.000000E+000
 -6.769231E-001 1.333333E-001 0.000000E+000
 -6.769231E-001 1.000000E-001 0.000000E+000
 -6.769231E-001 6.666667E-002 0.000000E+000
 -6.769231E-001 3.333334E-002 0.000000E+000
 -6.769231E-001 0.000000E+000 0.000000E+000
 -6.769231E-001 -3.333334E-002 0.000000E+000
 -6.769231E-001 -6.666667E-002 0.000000E+000
 -6.769231E-001 -1.000000E-001 0.000000E+000
 -6.769231E-001 -1.333333E-001 0.000000E+000
 -6.769231E-001 -1.666667E-001 0.000000E+000
 -7.230769E-001 1.666667E-001 0.000000E+000
 -7.230769E-001 1.333333E-001 0.000000E+000
 -7.230769E-001 1.000000E-001 0.000000E+000
 -7.230769E-001 6.666667E-002 0.000000E+000
 -7.230769E-001 3.333334E-002 0.000000E+000
 -7.230769E-001 0.000000E+000 0.000000E+000
 -7.230769E-001 -3.333334E-002 0.000000E+000
 -7.230769E-001 -6.666667E-002 0.000000E+000
 -7.230769E-001 -1.000000E-001 0.000000E+000
 -7.230769E-001 -1.333333E-001 0.000000E+000
 -7.230769E-001 -1.666667E-001 0.000000E+000
 -7.692308E-001 1.666667E-001 0.000000E+000
 -7.692308E-001 1.333333E-001 0.000000E+000
 -7.692308E-001 1.000000E-001 0.000000E+000
 -7.692308E-001 6.666667E-002 0.000000E+000
 -7.692308E-001 3.333334E-002 0.000000E+000
 -7.692308E-001 0.000000E+000 0.000000E+000
 -7.692308E-001 -3.333334E-002 0.000000E+000
 -7.692308E-001 -6.666667E-002 0.000000E+000
 -7.692308E-001 -1.000000E-001 0.000000E+000
 -7.692308E-001 -1.333333E-001 0.000000E+000
 -7.692308E-001 -1.666667E-001 0.000000E+000
 -8.153846E-001 1.666667E-001 0.000000E+000
 -8.153846E-001 1.333333E-001 0.000000E+000
 -8.153846E-001 1.000000E-001 0.000000E+000
 -8.153846E-001 6.666667E-002 0.000000E+000
 -8.153846E-001 3.333334E-002 0.000000E+000
 -8.153846E-001 0.000000E+000 0.000000E+000
 -8.153846E-001 -3.333334E-002 0.000000E+000
 -8.153846E-001 -6.666667E-002 0.000000E+000
 -8.153846E-001 -1.000000E-001 0.000000E+000
 -8.153846E-001 -1.333333E-001 0.000000E+000
 -8.153846E-001 -1.666667E-001 0.000000E+000
 -8.615385E-001 1.666667E-001 0.000000E+000
 -8.615385E-001 1.333333E-001 0.000000E+000
 -8.615385E-001 1.000000E-001 0.000000E+000
 -8.615385E-001 6.666667E-002 0.000000E+000
 -8.615385E-001 3.333334E-002 0.000000E+000
 -8.615385E-001 0.000000E+000 0.000000E+000
 -8.615385E-001 -3.333334E-002 0.000000E+000
 -8.615385E-001 -6.666667E-002 0.000000E+000
 -8.615385E-001 -1.000000E-001 0.000000E+000
 -8.615385E-001 -1.333333E-001 0.000000E+000
 -8.615385E-001 -1.666667E-001 0.000000E+000
 -9.076923E-001 1.666667E-001 0.000000E+000
 -9.076923E-001 1.333333E-001 0.000000E+000
 -9.076923E-001 1.000000E-001 0.000000E+000
 -9.076923E-001 6.666667E-002 0.000000E+000
 -9.076923E-001 3.333334E-002 0.000000E+000
 -9.076923E-001 0.000000E+000 0.000000E+000
 -9.076923E-001 -3.333334E-002 0.000000E+000
 -9.076923E-001 -6.666667E-002 0.000000E+000
 -9.076923E-001 -1.000000E-001 0.000000E+000
 -9.076923E-001 -1.333333E-001 0.000000E+000
 -9.076923E-001 -1.666667E-001 0.000000E+000
 -9.538462E-001 1.666667E-001 0.000000E+000
 -9.538462E-001 1.333333E-001 0.000000E+000
 -9.538462E-001 1.000000E-001 0.000000E+000
 -9.538462E-001 6.666667E-002 0.000000E+000
 -9.538462E-001 3.333334E-002 0.000000E+000
 -9.538462E-001 0.000000E+000 0.000000E+000
 -9.538462E-001 -3.333334E-002 0.000000E+000
 -9.538462E-001 -6.666667E-002 0.000000E+000
 -9.538462E-001 -1.000000E-001 0.000000E+000
 -9.538462E-001 -1.333333E-001 0.000000E+000
 -9.538462E-001 -1.666667E-001 0.000000E+000
 20 35 34 19
 35 39 33 34
 39 43 32 33
 43 47 31 32
 47 51 30 31
 51 55 29 30
 55 59 28 29
 59 63 27 28
 63 67 26 27
 67 71 25 26
 71 75 24 25
 75 3 1 24
 21 36 35 20
 36 40 39 35
 40 44 43 39
 44 48 47 43
 48 52 51 47
 52 56 55 51
 56 60 59 55
 60 64 63 59
 64 68 67 63
 68 72 71 67
 72 76 75 71
 76 4 3 75
 22 37 36 21
 37 41 40 36
 41 45 44 40
 45 49 48 44
 49 53 52 48
 53 57 56 52
 57 61 60 56
 61 65 64 60
 65 69 68 64
 69 73 72 68
 73 77 76 72
 77 5 4 76
 23 38 37 22
 38 42 41 37
 42 46 45 41
 46 50 49 45
 50 54 53 49
 54 58 57 53
 58 62 61 57
 62 66 65 61
 66 70 69 65
 70 74 73 69
 74 78 77 73
 78 6 5 77
 7 8 38 23
 8 9 42 38
 9 10 46 42
 10 11 50 46
 11 12 54 50
 12 13 58 54
 13 14 62 58
 14 15 66 62
 15 16 70 66
 16 17 74 70
 17 18 78 74
 18 2 6 78
 101 230 229 97
 230 234 228 229
 234 238 227 228
 238 242 226 227
 242 246 225 226
 246 250 224 225
 250 254 223 224
 254 258 222 223
 258 262 221 222
 262 266 220 221
 266 270 219 220
 270 274 218 219
 274 278 217 218
 278 282 216 217
 282 286 215 216
 286 290 214 215
 290 294 213 214
 294 298 212 213
 298 302 211 212
 302 306 210 211
 306 310 209 210
 310 314 208 209
 314 318 207 208
 318 322 206 207
 322 326 205 206
 326 330 204 205
 330 334 203 204
 334 338 202 203
 338 342 201 202
 342 346 200 201
 346 350 199 200
 350 354 198 199
 354 358 197 198
 358 362 196 197
 362 366 195 196
 366 370 194 195
 370 374 193 194
 374 378 192 193
 378 382 191 192
 382 386 190 191
 386 390 189 190
 390 394 188 189
 394 398 187 188
 398 402 186 187
 402 406 185 186
 406 410 184 185
 410 414 183 184
 414 418 182 183
 418 422 181 182
 422 426 180 181
 426 430 179 180
 430 434 178 179
 434 438 177 178
 438 442 176 177
 442 446 175 176
 446 450 174 175
 450 454 173 174
 454 458 172 173
 458 462 171 172
 462 466 170 171
 466 470 169 170
 470 474 168 169
 474 478 167 168
 478 482 166 167
 482 23 7 166
 100 231 230 101
 231 235 234 230
 235 239 238 234
 239 243 242 238
 243 247 246 242
 247 251 250 246
 251 255 254 250
 255 259 258 254
 259 263 262 258
 263 267 266 262
 267 271 270 266
 271 275 274 270
 275 279 278 274
 279 283 282 278
 283 287 286 282
 287 291 290 286
 291 295 294 290
 295 299 298 294
 299 303 302 298
 303 307 306 302
 307 311 310 306
 311 315 314 310
 315 319 318 314
 319 323 322 318
 323 327 326 322
 327 331 330 326
 331 335 334 330
 335 339 338 334
 339 343 342 338
 343 347 346 342
 347 351 350 346
 351 355 354 350
 355 359 358 354
 359 363 362 358
 363 367 366 362
 367 371 370 366
 371 375 374 370
 375 379 378 374
 379 383 382 378
 383 387 386 382
 387 391 390 386
 391 395 394 390
 395 399 398 394
 399 403 402 398
 403 407 406 402
 407 411 410 406
 411 415 414 410
 415 419 418 414
 419 423 422 418
 423 427 426 422
 427 431 430 426
 431 435 434 430
 435 439 438 434
 439 443 442 438
 443 447 446 442
 447 451 450 446
 451 455 454 450
 455 459 458 454
 459 463 462 458
 463 467 466 462
 467 471 470 466
 471 475 474 470
 475 479 478 474
 479 483 482 478
 483 22 23 482
 99 232 231 100
 232 236 235 231
 236 240 239 235
 240 244 243 239
 244 248 247 243
 248 252 251 247
 252 256 255 251
 256 260 259 255
 260 264 263 259
 264 268 267 263
 268 272 271 267
 272 276 275 271
 276 280 279 275
 280 284 283 279
 284 288 287 283
 288 292 291 287
 292 296 295 291
 296 300 299 295
 300 304 303 299
 304 308 307 303
 308 312 311 307
 312 316 315 311
 316 320 319 315
 320 324 323 319
 324 328 327 323
 328 332 331 327
 332 336 335 331
 336 340 339 335
 340 344 343 339
 344 348 347 343
 348 352 351 347
 352 356 355 351
 356 360 359 355
 360 364 363 359
 364 368 367 363
 368 372 371 367
 372 376 375 371
 376 380 379 375
 380 384 383 379
 384 388 387 383
 388 392 391 387
 392 396 395 391
 396 400 399 395
 400 404 403 399
 404 408 407 403
 408 412 411 407
 412 416 415 411
 416 420 419 415
 420 424 423 419
 424 428 427 423
 428 432 431 427
 432 436 435 431
 436 440 439 435
 440 444 443 439
 444 448 447 443
 448 452 451 447
 452 456 455 451
 456 460 459 455
 460 464 463 459
 464 468 467 463
 468 472 471 467
 472 476 475 471
 476 480 479 475
 480 484 483 479
 484 21 22 483
 98 233 232 99
 233 237 236 232
 237 241 240 236
 241 245 244 240
 245 249 248 244
 249 253 252 248
 253 257 256 252
 257 261 260 256
 261 265 264 260
 265 269 268 264
 269 273 272 268
 273 277 276 272
 277 281 280 276
 281 285 284 280
 285 289 288 284
 289 293 292 288
 293 297 296 292
 297 301 300 296
 301 305 304 300
 305 309 308 304
 309 313 312 308
 313 317 316 312
 317 321 320 316
 321 325 324 320
 325 329 328 324
 329 333 332 328
 333 337 336 332
 337 341 340 336
 341 345 344 340
 345 349 348 344
 349 353 352 348
 353 357 356 352
 357 361 360 356
 361 365 364 360
 365 369 368 364
 369 373 372 368
 373 377 376 372
 377 381 380 376
 381 385 384 380
 385 389 388 384
 389 393 392 388
 393 397 396 392
 397 401 400 396
 401 405 404 400
 405 409 408 404
 409 413 412 408
 413 417 416 412
 417 421 420 416
 421 425 424 420
 425 429 428 424
 429 433 432 428
 433 437 436 432
 437 441 440 436
 441 445 444 440
 445 449 448 444
 449 453 452 448
 453 457 456 452
 457 461 460 456
 461 465 464 460
 465 469 468 464
 469 473 472 468
 473 477 476 472
 477 481 480 476
 481 485 484 480
 485 20 21 484
 79 165 233 98
 165 164 237 233
 164 163 241 237
 163 162 245 241
 162 161 249 245
 161 160 253 249
 160 159 257 253
 159 158 261 257
 158 157 265 261
 157 156 269 265
 156 155 273 269
 155 154 277 273
 154 153 281 277
 153 152 285 281
 152 151 289 285
 151 150 293 289
 150 149 297 293
 149 148 301 297
 148 147 305 301
 147 146 309 305
 146 145 313 309
 145 144 317 313
 144 143 321 317
 143 142 325 321
 142 141 329 325
 141 140 333 329
 140 139 337 333
 139 138 341 337
 138 137 345 341
 137 136 349 345
 136 135 353 349
 135 134 357 353
 134 133 361 357
 133 132 365 361
 132 131 369 365
 131 130 373 369
 130 129 377 373
 129 128 381 377
 128 127 385 381
 127 126 389 385
 126 125 393 389
 125 124 397 393
 124 123 401 397
 123 122 405 401
 122 121 409 405
 121 120 413 409
 120 119 417 413
 119 118 421 417
 118 117 425 421
 117 116 429 425
 116 115 433 429
 115 114 437 433
 114 113 441 437
 113 112 445 441
 112 111 449 445
 111 110 453 449
 110 109 457 453
 109 108 461 457
 108 107 465 461
 107 106 469 465
 106 105 473 469
 105 104 477 473
 104 103 481 477
 103 102 485 481
 102 19 20 485
 96 614 613 92
 614 618 612 613
 618 622 611 612
 622 626 610 611
 626 630 609 610
 630 634 608 609
 634 638 607 608
 638 642 606 607
 642 646 605 606
 646 650 604 605
 650 654 603 604
 654 658 602 603
 658 662 601 602
 662 666 600 601
 666 670 599 600
 670 674 598 599
 674 678 597 598
 678 682 596 597
 682 686 595 596
 686 690 594 595
 690 694 593 594
 694 698 592 593
 698 702 591 592
 702 706 590 591
 706 710 589 590
 710 714 588 589
 714 718 587 588
 718 722 586 587
 722 726 585 586
 726 730 584 585
 730 734 583 584
 734 738 582 583
 738 742 581 582
 742 746 580 581
 746 750 579 580
 750 754 578 579
 754 758 577 578
 758 762 576 577
 762 766 575 576
 766 770 574 575
 770 774 573 574
 774 778 572 573
 778 782 571 572
 782 786 570 571
 786 790 569 570
 790 794 568 569
 794 798 567 568
 798 802 566 567
 802 806 565 566
 806 810 564 565
 810 814 563 564
 814 818 562 563
 818 822 561 562
 822 826 560 561
 826 830 559 560
 830 834 558 559
 834 838 557 558
 838 842 556 557
 842 846 555 556
 846 850 554 555
 850 854 553 554
 854 858 552 553
 858 862 551 552
 862 866 550 551
 866 6 2 550
 95 615 614 96
 615 619 618 614
 619 623 622 618
 623 627 626 622
 627 631 630 626
 631 635 634 630
 635 639 638 634
 639 643 642 638
 643 647 646 642
 647 651 650 646
 651 655 654 650
 655 659 658 654
 659 663 662 658
 663 667 666 662
 667 671 670 666
 671 675 674 670
 675 679 678 674
 679 683 682 678
 683 687 686 682
 687 691 690 686
 691 695 694 690
 695 699 698 694
 699 703 702 698
 703 707 706 702
 707 711 710 706
 711 715 714 710
 715 719 718 714
 719 723 722 718
 723 727 726 722
 727 731 730 726
 731 735 734 730
 735 739 738 734
 739 743 742 738
 743 747 746 742
 747 751 750 746
 751 755 754 750
 755 759 758 754
 759 763 762 758
 763 767 766 762
 767 771 770 766
 771 775 774 770
 775 779 778 774
 779 783 782 778
 783 787 786 782
 787 791 790 786
 791 795 794 790
 795 799 798 794
 799 803 802 798
 803 807 806 802
 807 811 810 806
 811 815 814 810
 815 819 818 814
 819 823 822 818
 823 827 826 822
 827 831 830 826
 831 835 834 830
 835 839 838 834
 839 843 842 838
 843 847 846 842
 847 851 850 846
 851 855 854 850
 855 859 858 854
 859 863 862 858
 863 867 866 862
 867 5 6 866
 94 616 615 95
 616 620 619 615
 620 624 623 619
 624 628 627 623
 628 632 631 627
 632 636 635 631
 636 640 639 635
 640 644 643 639
 644 648 647 643
 648 652 651 647
 652 656 655 651
 656 660 659 655
 660 664 663 659
 664 668 667 663
 668 672 671 667
 672 676 675 671
 676 680 679 675
 680 684 683 679
 684 688 687 683
 688 692 691 687
 692 696 695 691
 696 700 699 695
 700 704 703 699
 704 708 707 703
 708 712 711 707
 712 716 715 711
 716 720 719 715
 720 724 723 719
 724 728 727 723
 728 732 731 727
 732 736 735 731
 736 740 739 735
 740 744 743 739
 744 748 747 743
 748 752 751 747
 752 756 755 751
 756 760 759 755
 760 764 763 759
 764 768 767 763
 768 772 771 767
 772 776 775 771
 776 780 779 775
 780 784 783 779
 784 788 787 783
 788 792 791 787
 792 796 795 791
 796 800 799 795
 800 804 803 799
 804 808 807 803
 808 812 811 807
 812 816 815 811
 816 820 819 815
 820 824 823 819
 824 828 827 823
 828 832 831 827
 832 836 835 831
 836 840 839 835
 840 844 843 839
 844 848 847 843
 848 852 851 847
 852 856 855 851
 856 860 859 855
 860 864 863 859
 864 868 867 863
 868 4 5 867
 93 617 616 94
 617 621 620 616
 621 625 624 620
 625 629 628 624
 629 633 632 628
 633 637 636 632
 637 641 640 636
 641 645 644 640
 645 649 648 644
 649 653 652 648
 653 657 656 652
 657 661 660 656
 661 665 664 660
 665 669 668 664
 669 673 672 668
 673 677 676 672
 677 681 680 676
 681 685 684 680
 685 689 688 684
 689 693 692 688
 693 697 696 692
 697 701 700 696
 701 705 704 700
 705 709 708 704
 709 713 712 708
 713 717 716 712
 717 721 720 716
 721 725 724 720
 725 729 728 724
 729 733 732 728
 733 737 736 732
 737 741 740 736
 741 745 744 740
 745 749 748 744
 749 753 752 748
 753 757 756 752
 757 761 760 756
 761 765 764 760
 765 769 768 764
 769 773 772 768
 773 777 776 772
 777 781 780 776
 781 785 784 780
 785 789 788 784
 789 793 792 788
 793 797 796 792
 797 801 800 796
 801 805 804 800
 805 809 808 804
 809 813 812 808
 813 817 816 812
 817 821 820 816
 821 825 824 820
 825 829 828 824
 829 833 832 828
 833 837 836 832
 837 841 840 836
 841 845 844 840
 845 849 848 844
 849 853 852 848
 853 857 856 852
 857 861 860 856
 861 865 864 860
 865 869 868 864
 869 3 4 868
 80 549 617 93
 549 548 621 617
 548 547 625 621
 547 546 629 625
 546 545 633 629
 545 544 637 633
 544 543 641 637
 543 542 645 641
 542 541 649 645
 541 540 653 649
 540 539 657 653
 539 538 661 657
 538 537 665 661
 537 536 669 665
 536 535 673 669
 535 534 677 673
 534 533 681 677
 533 532 685 681
 532 531 689 685
 531 530 693 689
 530 529 697 693
 529 528 701 697
 528 527 705 701
 527 526 709 705
 526 525 713 709
 525 524 717 713
 524 523 721 717
 523 522 725 721
 522 521 729 725
 521 520 733 729
 520 519 737 733
 519 518 741 737
 518 517 745 741
 517 516 749 745
 516 515 753 749
 515 514 757 753
 514 513 761 757
 513 512 765 761
 512 511 769 765
 511 510 773 769
 510 509 777 773
 509 508 781 777
 508 507 785 781
 507 506 789 785
 506 505 793 789
 505 504 797 793
 504 503 801 797
 503 502 805 801
 502 501 809 805
 501 500 813 809
 500 499 817 813
 499 498 821 817
 498 497 825 821
 497 496 829 825
 496 495 833 829
 495 494 837 833
 494 493 841 837
 493 492 845 841
 492 491 849 845
 491 490 853 849
 490 489 857 853
 489 488 861 857
 488 487 865 861
 487 486 869 865
 486 1 3 869
 91 870 549 80
 870 881 548 549
 881 892 547 548
 892 903 546 547
 903 914 545 546
 914 925 544 545
 925 936 543 544
 936 947 542 543
 947 958 541 542
 958 969 540 541
 969 980 539 540
 980 991 538 539
 991 1002 537 538
 1002 1013 536 537
 1013 1024 535 536
 1024 1035 534 535
 1035 1046 533 534
 1046 1057 532 533
 1057 1068 531 532
 1068 1079 530 531
 1079 1090 529 530
 1090 1101 528 529
 1101 1112 527 528
 1112 1123 526 527
 1123 1134 525 526
 1134 1145 524 525
 1145 1156 523 524
 1156 1167 522 523
 1167 1178 521 522
 1178 1189 520 521
 1189 1200 519 520
 1200 1211 518 519
 1211 1222 517 518
 1222 1233 516 517
 1233 1244 515 516
 1244 1255 514 515
 1255 1266 513 514
 1266 1277 512 513
 1277 1288 511 512
 1288 1299 510 511
 1299 1310 509 510
 1310 1321 508 509
 1321 1332 507 508
 1332 1343 506 507
 1343 1354 505 506
 1354 1365 504 505
 1365 1376 503 504
 1376 1387 502 503
 1387 1398 501 502
 1398 1409 500 501
 1409 1420 499 500
 1420 1431 498 499
 1431 1442 497 498
 1442 1453 496 497
 1453 1464 495 496
 1464 1475 494 495
 1475 1486 493 494
 1486 1497 492 493
 1497 1508 491 492
 1508 1519 490 491
 1519 1530 489 490
 1530 1541 488 489
 1541 1552 487 488
 1552 1563 486 487
 1563 24 1 486
 90 871 870 91
 871 882 881 870
 882 893 892 881
 893 904 903 892
 904 915 914 903
 915 926 925 914
 926 937 936 925
 937 948 947 936
 948 959 958 947
 959 970 969 958
 970 981 980 969
 981 992 991 980
 992 1003 1002 991
 1003 1014 1013 1002
 1014 1025 1024 1013
 1025 1036 1035 1024
 1036 1047 1046 1035
 1047 1058 1057 1046
 1058 1069 1068 1057
 1069 1080 1079 1068
 1080 1091 1090 1079
 1091 1102 1101 1090
 1102 1113 1112 1101
 1113 1124 1123 1112
 1124 1135 1134 1123
 1135 1146 1145 1134
 1146 1157 1156 1145
 1157 1168 1167 1156
 1168 1179 1178 1167
 1179 1190 1189 1178
 1190 1201 1200 1189
 1201 1212 1211 1200
 1212 1223 1222 1211
 1223 1234 1233 1222
 1234 1245 1244 1233
 1245 1256 1255 1244
 1256 1267 1266 1255
 1267 1278 1277 1266
 1278 1289 1288 1277
 1289 1300 1299 1288
 1300 1311 1310 1299
 1311 1322 1321 1310
 1322 1333 1332 1321
 1333 1344 1343 1332
 1344 1355 1354 1343
 1355 1366 1365 1354
 1366 1377 1376 1365
 1377 1388 1387 1376
 1388 1399 1398 1387
 1399 1410 1409 1398
 1410 1421 1420 1409
 1421 1432 1431 1420
 1432 1443 1442 1431
 1443 1454 1453 1442
 1454 1465 1464 1453
 1465 1476 1475 1464
 1476 1487 1486 1475
 1487 1498 1497 1486
 1498 1509 1508 1497
 1509 1520 1519 1508
 1520 1531 1530 1519
 1531 1542 1541 1530
 1542 1553 1552 1541
 1553 1564 1563 1552
 1564 25 24 1563
 89 872 871 90
 872 883 882 871
 883 894 893 882
 894 905 904 893
 905 916 915 904
 916 927 926 915
 927 938 937 926
 938 949 948 937
 949 960 959 948
 960 971 970 959
 971 982 981 970
 982 993 992 981
 993 1004 1003 992
 1004 1015 1014 1003
 1015 1026 1025 1014
 1026 1037 1036 1025
 1037 1048 1047 1036
 1048 1059 1058 1047
 1059 1070 1069 1058
 1070 1081 1080 1069
 1081 1092 1091 1080
 1092 1103 1102 1091
 1103 1114 1113 1102
 1114 1125 1124 1113
 1125 1136 1135 1124
 1136 1147 1146 1135
 1147 1158 1157 1146
 1158 1169 1168 1157
 1169 1180 1179 1168
 1180 1191 1190 1179
 1191 1202 1201 1190
 1202 1213 1212 1201
 1213 1224 1223 1212
 1224 1235 1234 1223
 1235 1246 1245 1234
 1246 1257 1256 1245
 1257 1268 1267 1256
 1268 1279 1278 1267
 1279 1290 1289 1278
 1290 1301 1300 1289
 1301 1312 1311 1300
 1312 1323 1322 1311
 1323 1334 1333 1322
 1334 1345 1344 1333
 1345 1356 1355 1344
 1356 1367 1366 1355
 1367 1378 1377 1366
 1378 1389 1388 1377
 1389 1400 1399 1388
 1400 1411 1410 1399
 1411 1422 1421 1410
 1422 1433 1432 1421
 1433 1444 1443 1432
 1444 1455 1454 1443
 1455 1466 1465 1454
 1466 1477 1476 1465
 1477 1488 1487 1476
 1488 1499 1498 1487
 1499 1510 1509 1498
 1510 1521 1520 1509
 1521 1532 1531 1520
 1532 1543 1542 1531
 1543 1554 1553 1542
 1554 1565 1564 1553
 1565 26 25 1564
 88 873 872 89
 873 884 883 872
 884 895 894 883
 895 906 905 894
 906 917 916 905
 917 928 927 916
 928 939 938 927
 939 950 949 938
 950 961 960 949
 961 972 971 960
 972 983 982 971
 983 994 993 982
 994 1005 1004 993
 1005 1016 1015 1004
 1016 1027 1026 1015
 1027 1038 1037 1026
 1038 1049 1048 1037
 1049 1060 1059 1048
 1060 1071 1070 1059
 1071 1082 1081 1070
 1082 1093 1092 1081
 1093 1104 1103 1092
 1104 1115 1114 1103
 1115 1126 1125 1114
 1126 1137 1136 1125
 1137 1148 1147 1136
 1148 1159 1158 1147
 1159 1170 1169 1158
 1170 1181 1180 1169
 1181 1192 1191 1180
 1192 1203 1202 1191
 1203 1214 1213 1202
 1214 1225 1224 1213
 1225 1236 1235 1224
 1236 1247 1246 1235
 1247 1258 1257 1246
 1258 1269 1268 1257
 1269 1280 1279 1268
 1280 1291 1290 1279
 1291 1302 1301 1290
 1302 1313 1312 1301
 1313 1324 1323 1312
 1324 1335 1334 1323
 1335 1346 1345 1334
 1346 1357 1356 1345
 1357 1368 1367 1356
 1368 1379 1378 1367
 1379 1390 1389 1378
 1390 1401 1400 1389
 1401 1412 1411 1400
 1412 1423 1422 1411
 1423 1434 1433 1422
 1434 1445 1444 1433
 1445 1456 1455 1444
 1456 1467 1466 1455
 1467 1478 1477 1466
 1478 1489 1488 1477
 1489 1500 1499 1488
 1500 1511 1510 1499
 1511 1522 1521 1510
 1522 1533 1532 1521
 1533 1544 1543 1532
 1544 1555 1554 1543
 1555 1566 1565 1554
 1566 27 26 1565
 87 874 873 88
 874 885 884 873
 885 896 895 884
 896 907 906 895
 907 918 917 906
 918 929 928 917
 929 940 939 928
 940 951 950 939
 951 962 961 950
 962 973 972 961
 973 984 983 972
 984 995 994 983
 995 1006 1005 994
 1006 1017 1016 1005
 1017 1028 1027 1016
 1028 1039 1038 1027
 1039 1050 1049 1038
 1050 1061 1060 1049
 1061 1072 1071 1060
 1072 1083 1082 1071
 1083 1094 1093 1082
 1094 1105 1104 1093
 1105 1116 1115 1104
 1116 1127 1126 1115
 1127 1138 1137 1126
 1138 1149 1148 1137
 1149 1160 1159 1148
 1160 1171 1170 1159
 1171 1182 1181 1170
 1182 1193 1192 1181
 1193 1204 1203 1192
 1204 1215 1214 1203
 1215 1226 1225 1214
 1226 1237 1236 1225
 1237 1248 1247 1236
 1248 1259 1258 1247
 1259 1270 1269 1258
 1270 1281 1280 1269
 1281 1292 1291 1280
 1292 1303 1302 1291
 1303 1314 1313 1302
 1314 1325 1324 1313
 1325 1336 1335 1324
 1336 1347 1346 1335
 1347 1358 1357 1346
 1358 1369 1368 1357
 1369 1380 1379 1368
 1380 1391 1390 1379
 1391 1402 1401 1390
 1402 1413 1412 1401
 1413 1424 1423 1412
 1424 1435 1434 1423
 1435 1446 1445 1434
 1446 1457 1456 1445
 1457 1468 1467 1456
 1468 1479 1478 1467
 1479 1490 1489 1478
 1490 1501 1500 1489
 1501 1512 1511 1500
 1512 1523 1522 1511
 1523 1534 1533 1522
 1534 1545 1544 1533
 1545 1556 1555 1544
 1556 1567 1566 1555
 1567 28 27 1566
 86 875 874 87
 875 886 885 874
 886 897 896 885
 897 908 907 896
 908 919 918 907
 919 930 929 918
 930 941 940 929
 941 952 951 940
 952 963 962 951
 963 974 973 962
 974 985 984 973
 985 996 995 984
 996 1007 1006 995
 1007 1018 1017 1006
 1018 1029 1028 1017
 1029 1040 1039 1028
 1040 1051 1050 1039
 1051 1062 1061 1050
 1062 1073 1072 1061
 1073 1084 1083 1072
 1084 1095 1094 1083
 1095 1106 1105 1094
 1106 1117 1116 1105
 1117 1128 1127 1116
 1128 1139 1138 1127
 1139 1150 1149 1138
 1150 1161 1160 1149
 1161 1172 1171 1160
 1172 1183 1182 1171
 1183 1194 1193 1182
 1194 1205 1204 1193
 1205 1216 1215 1204
 1216 1227 1226 1215
 1227 1238 1237 1226
 1238 1249 1248 1237
 1249 1260 1259 1248
 1260 1271 1270 1259
 1271 1282 1281 1270
 1282 1293 1292 1281
 1293 1304 1303 1292
 1304 1315 1314 1303
 1315 1326 1325 1314
 1326 1337 1336 1325
 1337 1348 1347 1336
 1348 1359 1358 1347
 1359 1370 1369 1358
 1370 1381 1380 1369
 1381 1392 1391 1380
 1392 1403 1402 1391
 1403 1414 1413 1402
 1414 1425 1424 1413
 1425 1436 1435 1424
 1436 1447 1446 1435
 1447 1458 1457 1446
 1458 1469 1468 1457
 1469 1480 1479 1468
 1480 1491 1490 1479
 1491 1502 1501 1490
 1502 1513 1512 1501
 1513 1524 1523 1512
 1524 1535 1534 1523
 1535 1546 1545 1534
 1546 1557 1556 1545
 1557 1568 1567 1556
 1568 29 28 1567
 85 876 875 86
 876 887 886 875
 887 898 897 886
 898 909 908 897
 909 920 919 908
 920 931 930 919
 931 942 941 930
 942 953 952 941
 953 964 963 952
 964 975 974 963
 975 986 985 974
 986 997 996 985
 997 1008 1007 996
 1008 1019 1018 1007
 1019 1030 1029 1018
 1030 1041 1040 1029
 1041 1052 1051 1040
 1052 1063 1062 1051
 1063 1074 1073 1062
 1074 1085 1084 1073
 1085 1096 1095 1084
 1096 1107 1106 1095
 1107 1118 1117 1106
 1118 1129 1128 1117
 1129 1140 1139 1128
 1140 1151 1150 1139
 1151 1162 1161 1150
 1162 1173 1172 1161
 1173 1184 1183 1172
 1184 1195 1194 1183
 1195 1206 1205 1194
 1206 1217 1216 1205
 1217 1228 1227 1216
 1228 1239 1238 1227
 1239 1250 1249 1238
 1250 1261 1260 1249
 1261 1272 1271 1260
 1272 1283 1282 1271
 1283 1294 1293 1282
 1294 1305 1304 1293
 1305 1316 1315 1304
 1316 1327 1326 1315
 1327 1338 1337 1326
 1338 1349 1348 1337
 1349 1360 1359 1348
 1360 1371 1370 1359
 1371 1382 1381 1370
 1382 1393 1392 1381
 1393 1404 1403 1392
 1404 1415 1414 1403
 1415 1426 1425 1414
 1426 1437 1436 1425
 1437 1448 1447 1436
 1448 1459 1458 1447
 1459 1470 1469 1458
 1470 1481 1480 1469
 1481 1492 1491 1480
 1492 1503 1502 1491
 1503 1514 1513 1502
 1514 1525 1524 1513
 1525 1536 1535 1524
 1536 1547 1546 1535
 1547 1558 1557 1546
 1558 1569 1568 1557
 1569 30 29 1568
 84 877 876 85
 877 888 887 876
 888 899 898 887
 899 910 909 898
 910 921 920 909
 921 932 931 920
 932 943 942 931
 943 954 953 942
 954 965 964 953
 965 976 975 964
 976 987 986 975
 987 998 997 986
 998 1009 1008 997
 1009 1020 1019 1008
 1020 1031 1030 1019
 1031 1042 1041 1030
 1042 1053 1052 1041
 1053 1064 1063 1052
 1064 1075 1074 1063
 1075 1086 1085 1074
 1086 1097 1096 1085
 1097 1108 1107 1096
 1108 1119 1118 1107
 1119 1130 1129 1118
 1130 1141 1140 1129
 1141 1152 1151 1140
 1152 1163 1162 1151
 1163 1174 1173 1162
 1174 1185 1184 1173
 1185 1196 1195 1184
 1196 1207 1206 1195
 1207 1218 1217 1206
 1218 1229 1228 1217
 1229 1240 1239 1228
 1240 1251 1250 1239
 1251 1262 1261 1250
 1262 1273 1272 1261
 1273 1284 1283 1272
 1284 1295 1294 1283
 1295 1306 1305 1294
 1306 1317 1316 1305
 1317 1328 1327 1316
 1328 1339 1338 1327
 1339 1350 1349 1338
 1350 1361 1360 1349
 1361 1372 1371 1360
 1372 1383 1382 1371
 1383 1394 1393 1382
 1394 1405 1404 1393
 1405 1416 1415 1404
 1416 1427 1426 1415
 1427 1438 1437 1426
 1438 1449 1448 1437
 1449 1460 1459 1448
 1460 1471 1470 1459
 1471 1482 1481 1470
 1482 1493 1492 1481
 1493 1504 1503 1492
 1504 1515 1514 1503
 1515 1526 1525 1514
 1526 1537 1536 1525
 1537 1548 1547 1536
 1548 1559 1558 1547
 1559 1570 1569 1558
 1570 31 30 1569
 83 878 877 84
 878 889 888 877
 889 900 899 888
 900 911 910 899
 911 922 921 910
 922 933 932 921
 933 944 943 932
 944 955 954 943
 955 966 965 954
 966 977 976 965
 977 988 987 976
 988 999 998 987
 999 1010 1009 998
 1010 1021 1020 1009
 1021 1032 1031 1020
 1032 1043 1042 1031
 1043 1054 1053 1042
 1054 1065 1064 1053
 1065 1076 1075 1064
 1076 1087 1086 1075
 1087 1098 1097 1086
 1098 1109 1108 1097
 1109 1120 1119 1108
 1120 1131 1130 1119
 1131 1142 1141 1130
 1142 1153 1152 1141
 1153 1164 1163 1152
 1164 1175 1174 1163
 1175 1186 1185 1174
 1186 1197 1196 1185
 1197 1208 1207 1196
 1208 1219 1218 1207
 1219 1230 1229 1218
 1230 1241 1240 1229
 1241 1252 1251 1240
 1252 1263 1262 1251
 1263 1274 1273 1262
 1274 1285 1284 1273
 1285 1296 1295 1284
 1296 1307 1306 1295
 1307 1318 1317 1306
 1318 1329 1328 1317
 1329 1340 1339 1328
 1340 1351 1350 1339
 1351 1362 1361 1350
 1362 1373 1372 1361
 1373 1384 1383 1372
 1384 1395 1394 1383
 1395 1406 1405 1394
 1406 1417 1416 1405
 1417 1428 1427 1416
 1428 1439 1438 1427
 1439 1450 1449 1438
 1450 1461 1460 1449
 1461 1472 1471 1460
 1472 1483 1482 1471
 1483 1494 1493 1482
 1494 1505 1504 1493
 1505 1516 1515 1504
 1516 1527 1526 1515
 1527 1538 1537 1526
 1538 1549 1548 1537
 1549 1560 1559 1548
 1560 1571 1570 1559
 1571 32 31 1570
 82 879 878 83
 879 890 889 878
 890 901 900 889
 901 912 911 900
 912 923 922 911
 923 934 933 922
 934 945 944 933
 945 956 955 944
 956 967 966 955
 967 978 977 966
 978 989 988 977
 989 1000 999 988
 1000 1011 1010 999
 1011 1022 1021 1010
 1022 1033 1032 1021
 1033 1044 1043 1032
 1044 1055 1054 1043
 1055 1066 1065 1054
 1066 1077 1076 1065
 1077 1088 1087 1076
 1088 1099 1098 1087
 1099 1110 1109 1098
 1110 1121 1120 1109
 1121 1132 1131 1120
 1132 1143 1142 1131
 1143 1154 1153 1142
 1154 1165 1164 1153
 1165 1176 1175 1164
 1176 1187 1186 1175
 1187 1198 1197 1186
 1198 1209 1208 1197
 1209 1220 1219 1208
 1220 1231 1230 1219
 1231 1242 1241 1230
 1242 1253 1252 1241
 1253 1264 1263 1252
 1264 1275 1274 1263
 1275 1286 1285 1274
 1286 1297 1296 1285
 1297 1308 1307 1296
 1308 1319 1318 1307
 1319 1330 1329 1318
 1330 1341 1340 1329
 1341 1352 1351 1340
 1352 1363 1362 1351
 1363 1374 1373 1362
 1374 1385 1384 1373
 1385 1396 1395 1384
 1396 1407 1406 1395
 1407 1418 1417 1406
 1418 1429 1428 1417
 1429 1440 1439 1428
 1440 1451 1450 1439
 1451 1462 1461 1450
 1462 1473 1472 1461
 1473 1484 1483 1472
 1484 1495 1494 1483
 1495 1506 1505 1494
 1506 1517 1516 1505
 1517 1528 1527 1516
 1528 1539 1538 1527
 1539 1550 1549 1538
 1550 1561 1560 1549
 1561 1572 1571 1560
 1572 33 32 1571
 81 880 879 82
 880 891 890 879
 891 902 901 890
 902 913 912 901
 913 924 923 912
 924 935 934 923
 935 946 945 934
 946 957 956 945
 957 968 967 956
 968 979 978 967
 979 990 989 978
 990 1001 1000 989
 1001 1012 1011 1000
 1012 1023 1022 1011
 1023 1034 1033 1022
 1034 1045 1044 1033
 1045 1056 1055 1044
 1056 1067 1066 1055
 1067 1078 1077 1066
 1078 1089 1088 1077
 1089 1100 1099 1088
 1100 1111 1110 1099
 1111 1122 1121 1110
 1122 1133 1132 1121
 1133 1144 1143 1132
 1144 1155 1154 1143
 1155 1166 1165 1154
 1166 1177 1176 1165
 1177 1188 1187 1176
 1188 1199 1198 1187
 1199 1210 1209 1198
 1210 1221 1220 1209
 1221 1232 1231 1220
 1232 1243 1242 1231
 1243 1254 1253 1242
 1254 1265 1264 1253
 1265 1276 1275 1264
 1276 1287 1286 1275
 1287 1298 1297 1286
 1298 1309 1308 1297
 1309 1320 1319 1308
 1320 1331 1330 1319
 1331 1342 1341 1330
 1342 1353 1352 1341
 1353 1364 1363 1352
 1364 1375 1374 1363
 1375 1386 1385 1374
 1386 1397 1396 1385
 1397 1408 1407 1396
 1408 1419 1418 1407
 1419 1430 1429 1418
 1430 1441 1440 1429
 1441 1452 1451 1440
 1452 1463 1462 1451
 1463 1474 1473 1462
 1474 1485 1484 1473
 1485 1496 1495 1484
 1496 1507 1506 1495
 1507 1518 1517 1506
 1518 1529 1528 1517
 1529 1540 1539 1528
 1540 1551 1550 1539
 1551 1562 1561 1550
 1562 1573 1572 1561
 1573 34 33 1572
 79 165 880 81
 165 164 891 880
 164 163 902 891
 163 162 913 902
 162 161 924 913
 161 160 935 924
 160 159 946 935
 159 158 957 946
 158 157 968 957
 157 156 979 968
 156 155 990 979
 155 154 1001 990
 154 153 1012 1001
 153 152 1023 1012
 152 151 1034 1023
 151 150 1045 1034
 150 149 1056 1045
 149 148 1067 1056
 148 147 1078 1067
 147 146 1089 1078
 146 145 1100 1089
 145 144 1111 1100
 144 143 1122 1111
 143 142 1133 1122
 142 141 1144 1133
 141 140 1155 1144
 140 139 1166 1155
 139 138 1177 1166
 138 137 1188 1177
 137 136 1199 1188
 136 135 1210 1199
 135 134 1221 1210
 134 133 1232 1221
 133 132 1243 1232
 132 131 1254 1243
 131 130 1265 1254
 130 129 1276 1265
 129 128 1287 1276
 128 127 1298 1287
 127 126 1309 1298
 126 125 1320 1309
 125 124 1331 1320
 124 123 1342 1331
 123 122 1353 1342
 122 121 1364 1353
 121 120 1375 1364
 120 119 1386 1375
 119 118 1397 1386
 118 117 1408 1397
 117 116 1419 1408
 116 115 1430 1419
 115 114 1441 1430
 114 113 1452 1441
 113 112 1463 1452
 112 111 1474 1463
 111 110 1485 1474
 110 109 1496 1485
 109 108 1507 1496
 108 107 1518 1507
 107 106 1529 1518
 106 105 1540 1529
 105 104 1551 1540
 104 103 1562 1551
 103 102 1573 1562
 102 19 34 1573
